LECROYWR640Zi,60050,Histogram
Segments,1,SegmentSize,5000
Segment,TrigTime,TimeSinceSegment1
#1,09-Nov-2017 17:25:19,0                 
Time,Ampl
-2.5e-008,0
-2.499e-008,0
-2.498e-008,1
-2.497e-008,1
-2.496e-008,11
-2.495e-008,8
-2.494e-008,11
-2.493e-008,6
-2.492e-008,6
-2.491e-008,9
-2.49e-008,6
-2.489e-008,8
-2.488e-008,7
-2.487e-008,12
-2.486e-008,16
-2.485e-008,5
-2.484e-008,12
-2.483e-008,6
-2.482e-008,7
-2.481e-008,11
-2.48e-008,10
-2.479e-008,8
-2.478e-008,7
-2.477e-008,7
-2.476e-008,15
-2.475e-008,6
-2.474e-008,11
-2.473e-008,9
-2.472e-008,11
-2.471e-008,11
-2.47e-008,8
-2.469e-008,12
-2.468e-008,5
-2.467e-008,9
-2.466e-008,9
-2.465e-008,7
-2.464e-008,9
-2.463e-008,7
-2.462e-008,5
-2.461e-008,5
-2.46e-008,4
-2.459e-008,12
-2.458e-008,11
-2.457e-008,6
-2.456e-008,14
-2.455e-008,16
-2.454e-008,13
-2.453e-008,6
-2.452e-008,9
-2.451e-008,13
-2.45e-008,14
-2.449e-008,5
-2.448e-008,10
-2.447e-008,9
-2.446e-008,14
-2.445e-008,4
-2.444e-008,7
-2.443e-008,9
-2.442e-008,8
-2.441e-008,7
-2.44e-008,7
-2.439e-008,6
-2.438e-008,12
-2.437e-008,10
-2.436e-008,8
-2.435e-008,15
-2.434e-008,12
-2.433e-008,10
-2.432e-008,12
-2.431e-008,11
-2.43e-008,4
-2.429e-008,5
-2.428e-008,13
-2.427e-008,6
-2.426e-008,15
-2.425e-008,11
-2.424e-008,3
-2.423e-008,11
-2.422e-008,16
-2.421e-008,5
-2.42e-008,13
-2.419e-008,12
-2.418e-008,13
-2.417e-008,13
-2.416e-008,10
-2.415e-008,4
-2.414e-008,14
-2.413e-008,9
-2.412e-008,5
-2.411e-008,5
-2.41e-008,11
-2.409e-008,8
-2.408e-008,11
-2.407e-008,8
-2.406e-008,5
-2.405e-008,7
-2.404e-008,7
-2.403e-008,13
-2.402e-008,10
-2.401e-008,9
-2.4e-008,9
-2.399e-008,7
-2.398e-008,12
-2.397e-008,6
-2.396e-008,6
-2.395e-008,11
-2.394e-008,12
-2.393e-008,4
-2.392e-008,11
-2.391e-008,6
-2.39e-008,10
-2.389e-008,11
-2.388e-008,12
-2.387e-008,8
-2.386e-008,15
-2.385e-008,6
-2.384e-008,8
-2.383e-008,12
-2.382e-008,6
-2.381e-008,17
-2.38e-008,10
-2.379e-008,6
-2.378e-008,9
-2.377e-008,5
-2.376e-008,11
-2.375e-008,7
-2.374e-008,9
-2.373e-008,11
-2.372e-008,13
-2.371e-008,10
-2.37e-008,5
-2.369e-008,14
-2.368e-008,10
-2.367e-008,10
-2.366e-008,9
-2.365e-008,7
-2.364e-008,11
-2.363e-008,13
-2.362e-008,6
-2.361e-008,10
-2.36e-008,7
-2.359e-008,11
-2.358e-008,3
-2.357e-008,14
-2.356e-008,5
-2.355e-008,13
-2.354e-008,8
-2.353e-008,5
-2.352e-008,11
-2.351e-008,8
-2.35e-008,9
-2.349e-008,9
-2.348e-008,8
-2.347e-008,11
-2.346e-008,9
-2.345e-008,6
-2.344e-008,12
-2.343e-008,9
-2.342e-008,9
-2.341e-008,7
-2.34e-008,8
-2.339e-008,10
-2.338e-008,12
-2.337e-008,8
-2.336e-008,8
-2.335e-008,6
-2.334e-008,10
-2.333e-008,14
-2.332e-008,16
-2.331e-008,9
-2.33e-008,14
-2.329e-008,6
-2.328e-008,11
-2.327e-008,9
-2.326e-008,12
-2.325e-008,12
-2.324e-008,11
-2.323e-008,9
-2.322e-008,4
-2.321e-008,11
-2.32e-008,7
-2.319e-008,3
-2.318e-008,9
-2.317e-008,5
-2.316e-008,9
-2.315e-008,4
-2.314e-008,15
-2.313e-008,11
-2.312e-008,7
-2.311e-008,5
-2.31e-008,4
-2.309e-008,9
-2.308e-008,16
-2.307e-008,11
-2.306e-008,16
-2.305e-008,11
-2.304e-008,6
-2.303e-008,7
-2.302e-008,7
-2.301e-008,11
-2.3e-008,9
-2.299e-008,7
-2.298e-008,22
-2.297e-008,6
-2.296e-008,7
-2.295e-008,10
-2.294e-008,10
-2.293e-008,11
-2.292e-008,11
-2.291e-008,13
-2.29e-008,11
-2.289e-008,6
-2.288e-008,5
-2.287e-008,16
-2.286e-008,6
-2.285e-008,11
-2.284e-008,10
-2.283e-008,8
-2.282e-008,5
-2.281e-008,11
-2.28e-008,10
-2.279e-008,9
-2.278e-008,5
-2.277e-008,7
-2.276e-008,9
-2.275e-008,11
-2.274e-008,8
-2.273e-008,6
-2.272e-008,11
-2.271e-008,8
-2.27e-008,11
-2.269e-008,8
-2.268e-008,8
-2.267e-008,11
-2.266e-008,9
-2.265e-008,7
-2.264e-008,11
-2.263e-008,10
-2.262e-008,8
-2.261e-008,13
-2.26e-008,5
-2.259e-008,14
-2.258e-008,7
-2.257e-008,7
-2.256e-008,9
-2.255e-008,7
-2.254e-008,7
-2.253e-008,11
-2.252e-008,6
-2.251e-008,9
-2.25e-008,7
-2.249e-008,11
-2.248e-008,8
-2.247e-008,9
-2.246e-008,11
-2.245e-008,5
-2.244e-008,16
-2.243e-008,7
-2.242e-008,9
-2.241e-008,10
-2.24e-008,7
-2.239e-008,13
-2.238e-008,5
-2.237e-008,9
-2.236e-008,11
-2.235e-008,9
-2.234e-008,9
-2.233e-008,6
-2.232e-008,13
-2.231e-008,9
-2.23e-008,12
-2.229e-008,9
-2.228e-008,13
-2.227e-008,14
-2.226e-008,9
-2.225e-008,8
-2.224e-008,15
-2.223e-008,5
-2.222e-008,11
-2.221e-008,12
-2.22e-008,8
-2.219e-008,7
-2.218e-008,7
-2.217e-008,6
-2.216e-008,13
-2.215e-008,9
-2.214e-008,11
-2.213e-008,2
-2.212e-008,6
-2.211e-008,8
-2.21e-008,10
-2.209e-008,11
-2.208e-008,8
-2.207e-008,13
-2.206e-008,15
-2.205e-008,7
-2.204e-008,11
-2.203e-008,5
-2.202e-008,8
-2.201e-008,9
-2.2e-008,9
-2.199e-008,10
-2.198e-008,9
-2.197e-008,8
-2.196e-008,8
-2.195e-008,12
-2.194e-008,11
-2.193e-008,8
-2.192e-008,15
-2.191e-008,16
-2.19e-008,9
-2.189e-008,12
-2.188e-008,13
-2.187e-008,13
-2.186e-008,14
-2.185e-008,11
-2.184e-008,7
-2.183e-008,10
-2.182e-008,13
-2.181e-008,7
-2.18e-008,15
-2.179e-008,4
-2.178e-008,8
-2.177e-008,15
-2.176e-008,7
-2.175e-008,12
-2.174e-008,12
-2.173e-008,6
-2.172e-008,13
-2.171e-008,10
-2.17e-008,8
-2.169e-008,14
-2.168e-008,7
-2.167e-008,8
-2.166e-008,6
-2.165e-008,8
-2.164e-008,9
-2.163e-008,9
-2.162e-008,7
-2.161e-008,7
-2.16e-008,8
-2.159e-008,13
-2.158e-008,11
-2.157e-008,13
-2.156e-008,8
-2.155e-008,6
-2.154e-008,6
-2.153e-008,10
-2.152e-008,10
-2.151e-008,4
-2.15e-008,11
-2.149e-008,12
-2.148e-008,12
-2.147e-008,8
-2.146e-008,9
-2.145e-008,14
-2.144e-008,11
-2.143e-008,7
-2.142e-008,10
-2.141e-008,8
-2.14e-008,8
-2.139e-008,8
-2.138e-008,6
-2.137e-008,13
-2.136e-008,13
-2.135e-008,6
-2.134e-008,7
-2.133e-008,8
-2.132e-008,12
-2.131e-008,10
-2.13e-008,5
-2.129e-008,11
-2.128e-008,3
-2.127e-008,12
-2.126e-008,7
-2.125e-008,5
-2.124e-008,11
-2.123e-008,11
-2.122e-008,7
-2.121e-008,10
-2.12e-008,11
-2.119e-008,11
-2.118e-008,15
-2.117e-008,7
-2.116e-008,17
-2.115e-008,6
-2.114e-008,6
-2.113e-008,5
-2.112e-008,9
-2.111e-008,7
-2.11e-008,7
-2.109e-008,10
-2.108e-008,11
-2.107e-008,8
-2.106e-008,6
-2.105e-008,6
-2.104e-008,13
-2.103e-008,7
-2.102e-008,7
-2.101e-008,10
-2.1e-008,8
-2.099e-008,7
-2.098e-008,9
-2.097e-008,10
-2.096e-008,8
-2.095e-008,8
-2.094e-008,14
-2.093e-008,14
-2.092e-008,10
-2.091e-008,10
-2.09e-008,8
-2.089e-008,10
-2.088e-008,7
-2.087e-008,7
-2.086e-008,8
-2.085e-008,5
-2.084e-008,13
-2.083e-008,9
-2.082e-008,6
-2.081e-008,12
-2.08e-008,8
-2.079e-008,15
-2.078e-008,11
-2.077e-008,6
-2.076e-008,11
-2.075e-008,13
-2.074e-008,10
-2.073e-008,9
-2.072e-008,7
-2.071e-008,8
-2.07e-008,8
-2.069e-008,6
-2.068e-008,9
-2.067e-008,7
-2.066e-008,15
-2.065e-008,7
-2.064e-008,11
-2.063e-008,5
-2.062e-008,10
-2.061e-008,7
-2.06e-008,12
-2.059e-008,4
-2.058e-008,14
-2.057e-008,13
-2.056e-008,7
-2.055e-008,8
-2.054e-008,9
-2.053e-008,11
-2.052e-008,6
-2.051e-008,6
-2.05e-008,15
-2.049e-008,2
-2.048e-008,15
-2.047e-008,9
-2.046e-008,9
-2.045e-008,7
-2.044e-008,8
-2.043e-008,8
-2.042e-008,6
-2.041e-008,6
-2.04e-008,14
-2.039e-008,11
-2.038e-008,6
-2.037e-008,9
-2.036e-008,11
-2.035e-008,5
-2.034e-008,11
-2.033e-008,9
-2.032e-008,10
-2.031e-008,10
-2.03e-008,8
-2.029e-008,14
-2.028e-008,7
-2.027e-008,8
-2.026e-008,3
-2.025e-008,8
-2.024e-008,10
-2.023e-008,11
-2.022e-008,10
-2.021e-008,5
-2.02e-008,13
-2.019e-008,14
-2.018e-008,6
-2.017e-008,14
-2.016e-008,8
-2.015e-008,7
-2.014e-008,8
-2.013e-008,10
-2.012e-008,9
-2.011e-008,6
-2.01e-008,9
-2.009e-008,12
-2.008e-008,8
-2.007e-008,3
-2.006e-008,8
-2.005e-008,9
-2.004e-008,8
-2.003e-008,10
-2.002e-008,9
-2.001e-008,9
-2e-008,10
-1.999e-008,9
-1.998e-008,9
-1.997e-008,12
-1.996e-008,6
-1.995e-008,7
-1.994e-008,6
-1.993e-008,10
-1.992e-008,9
-1.991e-008,6
-1.99e-008,14
-1.989e-008,7
-1.988e-008,7
-1.987e-008,12
-1.986e-008,5
-1.985e-008,6
-1.984e-008,3
-1.983e-008,10
-1.982e-008,8
-1.981e-008,12
-1.98e-008,6
-1.979e-008,9
-1.978e-008,5
-1.977e-008,7
-1.976e-008,9
-1.975e-008,7
-1.974e-008,12
-1.973e-008,7
-1.972e-008,14
-1.971e-008,10
-1.97e-008,14
-1.969e-008,8
-1.968e-008,11
-1.967e-008,9
-1.966e-008,5
-1.965e-008,5
-1.964e-008,10
-1.963e-008,7
-1.962e-008,6
-1.961e-008,4
-1.96e-008,12
-1.959e-008,5
-1.958e-008,12
-1.957e-008,7
-1.956e-008,8
-1.955e-008,6
-1.954e-008,10
-1.953e-008,11
-1.952e-008,8
-1.951e-008,8
-1.95e-008,10
-1.949e-008,4
-1.948e-008,10
-1.947e-008,7
-1.946e-008,5
-1.945e-008,11
-1.944e-008,12
-1.943e-008,7
-1.942e-008,8
-1.941e-008,6
-1.94e-008,8
-1.939e-008,11
-1.938e-008,8
-1.937e-008,10
-1.936e-008,14
-1.935e-008,3
-1.934e-008,4
-1.933e-008,8
-1.932e-008,6
-1.931e-008,12
-1.93e-008,13
-1.929e-008,11
-1.928e-008,9
-1.927e-008,10
-1.926e-008,10
-1.925e-008,11
-1.924e-008,16
-1.923e-008,10
-1.922e-008,8
-1.921e-008,7
-1.92e-008,14
-1.919e-008,9
-1.918e-008,10
-1.917e-008,6
-1.916e-008,24
-1.915e-008,10
-1.914e-008,11
-1.913e-008,10
-1.912e-008,15
-1.911e-008,12
-1.91e-008,4
-1.909e-008,10
-1.908e-008,6
-1.907e-008,9
-1.906e-008,14
-1.905e-008,8
-1.904e-008,7
-1.903e-008,10
-1.902e-008,7
-1.901e-008,13
-1.9e-008,6
-1.899e-008,11
-1.898e-008,6
-1.897e-008,14
-1.896e-008,9
-1.895e-008,8
-1.894e-008,14
-1.893e-008,6
-1.892e-008,8
-1.891e-008,10
-1.89e-008,9
-1.889e-008,5
-1.888e-008,9
-1.887e-008,7
-1.886e-008,5
-1.885e-008,9
-1.884e-008,7
-1.883e-008,8
-1.882e-008,10
-1.881e-008,13
-1.88e-008,7
-1.879e-008,9
-1.878e-008,15
-1.877e-008,8
-1.876e-008,4
-1.875e-008,8
-1.874e-008,11
-1.873e-008,9
-1.872e-008,8
-1.871e-008,6
-1.87e-008,10
-1.869e-008,8
-1.868e-008,6
-1.867e-008,8
-1.866e-008,10
-1.865e-008,8
-1.864e-008,8
-1.863e-008,10
-1.862e-008,12
-1.861e-008,9
-1.86e-008,14
-1.859e-008,10
-1.858e-008,6
-1.857e-008,7
-1.856e-008,7
-1.855e-008,5
-1.854e-008,11
-1.853e-008,9
-1.852e-008,8
-1.851e-008,10
-1.85e-008,12
-1.849e-008,6
-1.848e-008,7
-1.847e-008,14
-1.846e-008,9
-1.845e-008,9
-1.844e-008,5
-1.843e-008,8
-1.842e-008,8
-1.841e-008,9
-1.84e-008,8
-1.839e-008,7
-1.838e-008,7
-1.837e-008,7
-1.836e-008,8
-1.835e-008,11
-1.834e-008,8
-1.833e-008,7
-1.832e-008,9
-1.831e-008,9
-1.83e-008,6
-1.829e-008,12
-1.828e-008,10
-1.827e-008,7
-1.826e-008,9
-1.825e-008,12
-1.824e-008,8
-1.823e-008,7
-1.822e-008,14
-1.821e-008,9
-1.82e-008,12
-1.819e-008,8
-1.818e-008,8
-1.817e-008,11
-1.816e-008,11
-1.815e-008,10
-1.814e-008,7
-1.813e-008,8
-1.812e-008,8
-1.811e-008,12
-1.81e-008,10
-1.809e-008,12
-1.808e-008,9
-1.807e-008,10
-1.806e-008,6
-1.805e-008,5
-1.804e-008,10
-1.803e-008,5
-1.802e-008,9
-1.801e-008,13
-1.8e-008,13
-1.799e-008,6
-1.798e-008,10
-1.797e-008,8
-1.796e-008,11
-1.795e-008,12
-1.794e-008,8
-1.793e-008,10
-1.792e-008,3
-1.791e-008,11
-1.79e-008,12
-1.789e-008,4
-1.788e-008,8
-1.787e-008,4
-1.786e-008,7
-1.785e-008,10
-1.784e-008,12
-1.783e-008,7
-1.782e-008,13
-1.781e-008,6
-1.78e-008,15
-1.779e-008,10
-1.778e-008,9
-1.777e-008,12
-1.776e-008,8
-1.775e-008,11
-1.774e-008,14
-1.773e-008,5
-1.772e-008,5
-1.771e-008,11
-1.77e-008,11
-1.769e-008,7
-1.768e-008,6
-1.767e-008,11
-1.766e-008,11
-1.765e-008,11
-1.764e-008,16
-1.763e-008,5
-1.762e-008,8
-1.761e-008,7
-1.76e-008,7
-1.759e-008,2
-1.758e-008,6
-1.757e-008,11
-1.756e-008,6
-1.755e-008,13
-1.754e-008,10
-1.753e-008,8
-1.752e-008,7
-1.751e-008,17
-1.75e-008,10
-1.749e-008,11
-1.748e-008,9
-1.747e-008,4
-1.746e-008,13
-1.745e-008,6
-1.744e-008,13
-1.743e-008,9
-1.742e-008,11
-1.741e-008,9
-1.74e-008,9
-1.739e-008,11
-1.738e-008,8
-1.737e-008,10
-1.736e-008,10
-1.735e-008,7
-1.734e-008,9
-1.733e-008,8
-1.732e-008,12
-1.731e-008,9
-1.73e-008,7
-1.729e-008,13
-1.728e-008,9
-1.727e-008,14
-1.726e-008,12
-1.725e-008,6
-1.724e-008,13
-1.723e-008,4
-1.722e-008,12
-1.721e-008,7
-1.72e-008,7
-1.719e-008,14
-1.718e-008,7
-1.717e-008,9
-1.716e-008,10
-1.715e-008,6
-1.714e-008,5
-1.713e-008,12
-1.712e-008,10
-1.711e-008,12
-1.71e-008,10
-1.709e-008,6
-1.708e-008,7
-1.707e-008,8
-1.706e-008,11
-1.705e-008,16
-1.704e-008,9
-1.703e-008,8
-1.702e-008,11
-1.701e-008,6
-1.7e-008,7
-1.699e-008,5
-1.698e-008,3
-1.697e-008,7
-1.696e-008,13
-1.695e-008,10
-1.694e-008,7
-1.693e-008,15
-1.692e-008,10
-1.691e-008,7
-1.69e-008,9
-1.689e-008,11
-1.688e-008,5
-1.687e-008,9
-1.686e-008,18
-1.685e-008,8
-1.684e-008,10
-1.683e-008,8
-1.682e-008,2
-1.681e-008,12
-1.68e-008,10
-1.679e-008,9
-1.678e-008,10
-1.677e-008,17
-1.676e-008,13
-1.675e-008,11
-1.674e-008,15
-1.673e-008,13
-1.672e-008,12
-1.671e-008,8
-1.67e-008,12
-1.669e-008,8
-1.668e-008,8
-1.667e-008,7
-1.666e-008,15
-1.665e-008,10
-1.664e-008,8
-1.663e-008,7
-1.662e-008,9
-1.661e-008,11
-1.66e-008,10
-1.659e-008,11
-1.658e-008,10
-1.657e-008,13
-1.656e-008,10
-1.655e-008,7
-1.654e-008,12
-1.653e-008,11
-1.652e-008,7
-1.651e-008,11
-1.65e-008,11
-1.649e-008,12
-1.648e-008,6
-1.647e-008,13
-1.646e-008,15
-1.645e-008,9
-1.644e-008,13
-1.643e-008,15
-1.642e-008,14
-1.641e-008,13
-1.64e-008,9
-1.639e-008,15
-1.638e-008,10
-1.637e-008,17
-1.636e-008,7
-1.635e-008,10
-1.634e-008,5
-1.633e-008,14
-1.632e-008,17
-1.631e-008,14
-1.63e-008,15
-1.629e-008,17
-1.628e-008,9
-1.627e-008,13
-1.626e-008,5
-1.625e-008,9
-1.624e-008,12
-1.623e-008,11
-1.622e-008,10
-1.621e-008,15
-1.62e-008,13
-1.619e-008,17
-1.618e-008,8
-1.617e-008,16
-1.616e-008,17
-1.615e-008,14
-1.614e-008,15
-1.613e-008,10
-1.612e-008,16
-1.611e-008,14
-1.61e-008,16
-1.609e-008,13
-1.608e-008,9
-1.607e-008,16
-1.606e-008,16
-1.605e-008,14
-1.604e-008,13
-1.603e-008,19
-1.602e-008,21
-1.601e-008,22
-1.6e-008,20
-1.599e-008,19
-1.598e-008,16
-1.597e-008,19
-1.596e-008,24
-1.595e-008,19
-1.594e-008,23
-1.593e-008,22
-1.592e-008,18
-1.591e-008,27
-1.59e-008,22
-1.589e-008,30
-1.588e-008,21
-1.587e-008,20
-1.586e-008,31
-1.585e-008,18
-1.584e-008,36
-1.583e-008,25
-1.582e-008,28
-1.581e-008,12
-1.58e-008,25
-1.579e-008,32
-1.578e-008,17
-1.577e-008,41
-1.576e-008,31
-1.575e-008,28
-1.574e-008,29
-1.573e-008,46
-1.572e-008,32
-1.571e-008,44
-1.57e-008,36
-1.569e-008,31
-1.568e-008,49
-1.567e-008,44
-1.566e-008,42
-1.565e-008,37
-1.564e-008,46
-1.563e-008,43
-1.562e-008,53
-1.561e-008,55
-1.56e-008,52
-1.559e-008,53
-1.558e-008,54
-1.557e-008,53
-1.556e-008,59
-1.555e-008,46
-1.554e-008,56
-1.553e-008,75
-1.552e-008,61
-1.551e-008,70
-1.55e-008,73
-1.549e-008,57
-1.548e-008,65
-1.547e-008,74
-1.546e-008,80
-1.545e-008,85
-1.544e-008,83
-1.543e-008,84
-1.542e-008,85
-1.541e-008,87
-1.54e-008,74
-1.539e-008,104
-1.538e-008,98
-1.537e-008,113
-1.536e-008,104
-1.535e-008,84
-1.534e-008,101
-1.533e-008,99
-1.532e-008,113
-1.531e-008,105
-1.53e-008,129
-1.529e-008,142
-1.528e-008,137
-1.527e-008,138
-1.526e-008,157
-1.525e-008,124
-1.524e-008,140
-1.523e-008,141
-1.522e-008,167
-1.521e-008,171
-1.52e-008,174
-1.519e-008,192
-1.518e-008,174
-1.517e-008,203
-1.516e-008,188
-1.515e-008,202
-1.514e-008,187
-1.513e-008,221
-1.512e-008,240
-1.511e-008,214
-1.51e-008,247
-1.509e-008,220
-1.508e-008,272
-1.507e-008,274
-1.506e-008,237
-1.505e-008,305
-1.504e-008,268
-1.503e-008,305
-1.502e-008,309
-1.501e-008,306
-1.5e-008,337
-1.499e-008,346
-1.498e-008,346
-1.497e-008,369
-1.496e-008,375
-1.495e-008,410
-1.494e-008,448
-1.493e-008,415
-1.492e-008,448
-1.491e-008,447
-1.49e-008,489
-1.489e-008,488
-1.488e-008,493
-1.487e-008,516
-1.486e-008,530
-1.485e-008,603
-1.484e-008,593
-1.483e-008,644
-1.482e-008,618
-1.481e-008,652
-1.48e-008,666
-1.479e-008,600
-1.478e-008,705
-1.477e-008,769
-1.476e-008,761
-1.475e-008,817
-1.474e-008,837
-1.473e-008,870
-1.472e-008,841
-1.471e-008,929
-1.47e-008,990
-1.469e-008,998
-1.468e-008,1028
-1.467e-008,1064
-1.466e-008,1140
-1.465e-008,1129
-1.464e-008,1190
-1.463e-008,1298
-1.462e-008,1267
-1.461e-008,1373
-1.46e-008,1452
-1.459e-008,1424
-1.458e-008,1557
-1.457e-008,1648
-1.456e-008,1613
-1.455e-008,1622
-1.454e-008,1799
-1.453e-008,1847
-1.452e-008,2027
-1.451e-008,2035
-1.45e-008,2100
-1.449e-008,2226
-1.448e-008,2227
-1.447e-008,2335
-1.446e-008,2397
-1.445e-008,2537
-1.444e-008,2664
-1.443e-008,2780
-1.442e-008,2899
-1.441e-008,2939
-1.44e-008,3064
-1.439e-008,3247
-1.438e-008,3505
-1.437e-008,3762
-1.436e-008,3888
-1.435e-008,4133
-1.434e-008,4160
-1.433e-008,4327
-1.432e-008,4416
-1.431e-008,4859
-1.43e-008,4923
-1.429e-008,5345
-1.428e-008,5396
-1.427e-008,6022
-1.426e-008,6537
-1.425e-008,7108
-1.424e-008,7734
-1.423e-008,8490
-1.422e-008,9706
-1.421e-008,11080
-1.42e-008,13923
-1.419e-008,19068
-1.418e-008,27477
-1.417e-008,37047
-1.416e-008,41295
-1.415e-008,35411
-1.414e-008,23871
-1.413e-008,15211
-1.412e-008,10657
-1.411e-008,8721
-1.41e-008,7585
-1.409e-008,7108
-1.408e-008,6618
-1.407e-008,6051
-1.406e-008,5597
-1.405e-008,5311
-1.404e-008,5206
-1.403e-008,4775
-1.402e-008,4568
-1.401e-008,4421
-1.4e-008,4179
-1.399e-008,3994
-1.398e-008,3734
-1.397e-008,3624
-1.396e-008,3479
-1.395e-008,3334
-1.394e-008,3254
-1.393e-008,3064
-1.392e-008,2797
-1.391e-008,2751
-1.39e-008,2685
-1.389e-008,2568
-1.388e-008,2341
-1.387e-008,2353
-1.386e-008,2225
-1.385e-008,2115
-1.384e-008,1973
-1.383e-008,1888
-1.382e-008,1836
-1.381e-008,1746
-1.38e-008,1667
-1.379e-008,1674
-1.378e-008,1541
-1.377e-008,1484
-1.376e-008,1473
-1.375e-008,1386
-1.374e-008,1306
-1.373e-008,1324
-1.372e-008,1254
-1.371e-008,1239
-1.37e-008,1163
-1.369e-008,1140
-1.368e-008,1051
-1.367e-008,1058
-1.366e-008,1019
-1.365e-008,939
-1.364e-008,947
-1.363e-008,916
-1.362e-008,851
-1.361e-008,800
-1.36e-008,833
-1.359e-008,734
-1.358e-008,728
-1.357e-008,712
-1.356e-008,726
-1.355e-008,653
-1.354e-008,631
-1.353e-008,623
-1.352e-008,584
-1.351e-008,569
-1.35e-008,546
-1.349e-008,538
-1.348e-008,556
-1.347e-008,506
-1.346e-008,492
-1.345e-008,453
-1.344e-008,438
-1.343e-008,431
-1.342e-008,406
-1.341e-008,397
-1.34e-008,411
-1.339e-008,363
-1.338e-008,374
-1.337e-008,320
-1.336e-008,345
-1.335e-008,296
-1.334e-008,319
-1.333e-008,337
-1.332e-008,261
-1.331e-008,295
-1.33e-008,285
-1.329e-008,226
-1.328e-008,231
-1.327e-008,243
-1.326e-008,237
-1.325e-008,230
-1.324e-008,207
-1.323e-008,224
-1.322e-008,197
-1.321e-008,221
-1.32e-008,197
-1.319e-008,182
-1.318e-008,169
-1.317e-008,171
-1.316e-008,164
-1.315e-008,178
-1.314e-008,146
-1.313e-008,172
-1.312e-008,139
-1.311e-008,166
-1.31e-008,129
-1.309e-008,157
-1.308e-008,107
-1.307e-008,117
-1.306e-008,118
-1.305e-008,139
-1.304e-008,112
-1.303e-008,125
-1.302e-008,128
-1.301e-008,107
-1.3e-008,101
-1.299e-008,114
-1.298e-008,72
-1.297e-008,83
-1.296e-008,85
-1.295e-008,104
-1.294e-008,93
-1.293e-008,70
-1.292e-008,63
-1.291e-008,93
-1.29e-008,72
-1.289e-008,66
-1.288e-008,69
-1.287e-008,64
-1.286e-008,55
-1.285e-008,67
-1.284e-008,55
-1.283e-008,71
-1.282e-008,45
-1.281e-008,51
-1.28e-008,56
-1.279e-008,52
-1.278e-008,49
-1.277e-008,41
-1.276e-008,55
-1.275e-008,42
-1.274e-008,44
-1.273e-008,43
-1.272e-008,43
-1.271e-008,42
-1.27e-008,47
-1.269e-008,41
-1.268e-008,39
-1.267e-008,43
-1.266e-008,33
-1.265e-008,35
-1.264e-008,26
-1.263e-008,34
-1.262e-008,37
-1.261e-008,26
-1.26e-008,30
-1.259e-008,30
-1.258e-008,22
-1.257e-008,28
-1.256e-008,16
-1.255e-008,27
-1.254e-008,18
-1.253e-008,25
-1.252e-008,22
-1.251e-008,26
-1.25e-008,26
-1.249e-008,21
-1.248e-008,24
-1.247e-008,28
-1.246e-008,24
-1.245e-008,22
-1.244e-008,18
-1.243e-008,23
-1.242e-008,20
-1.241e-008,21
-1.24e-008,19
-1.239e-008,21
-1.238e-008,15
-1.237e-008,20
-1.236e-008,14
-1.235e-008,12
-1.234e-008,17
-1.233e-008,19
-1.232e-008,24
-1.231e-008,18
-1.23e-008,21
-1.229e-008,17
-1.228e-008,12
-1.227e-008,18
-1.226e-008,14
-1.225e-008,18
-1.224e-008,14
-1.223e-008,11
-1.222e-008,13
-1.221e-008,18
-1.22e-008,12
-1.219e-008,22
-1.218e-008,16
-1.217e-008,16
-1.216e-008,8
-1.215e-008,11
-1.214e-008,10
-1.213e-008,15
-1.212e-008,11
-1.211e-008,19
-1.21e-008,7
-1.209e-008,14
-1.208e-008,8
-1.207e-008,6
-1.206e-008,12
-1.205e-008,13
-1.204e-008,14
-1.203e-008,9
-1.202e-008,15
-1.201e-008,19
-1.2e-008,13
-1.199e-008,16
-1.198e-008,14
-1.197e-008,9
-1.196e-008,11
-1.195e-008,10
-1.194e-008,9
-1.193e-008,10
-1.192e-008,11
-1.191e-008,11
-1.19e-008,19
-1.189e-008,10
-1.188e-008,8
-1.187e-008,11
-1.186e-008,9
-1.185e-008,10
-1.184e-008,13
-1.183e-008,11
-1.182e-008,14
-1.181e-008,11
-1.18e-008,12
-1.179e-008,12
-1.178e-008,10
-1.177e-008,10
-1.176e-008,9
-1.175e-008,11
-1.174e-008,7
-1.173e-008,10
-1.172e-008,16
-1.171e-008,5
-1.17e-008,7
-1.169e-008,16
-1.168e-008,13
-1.167e-008,7
-1.166e-008,5
-1.165e-008,4
-1.164e-008,7
-1.163e-008,10
-1.162e-008,9
-1.161e-008,14
-1.16e-008,13
-1.159e-008,8
-1.158e-008,8
-1.157e-008,11
-1.156e-008,6
-1.155e-008,9
-1.154e-008,4
-1.153e-008,10
-1.152e-008,7
-1.151e-008,11
-1.15e-008,4
-1.149e-008,7
-1.148e-008,7
-1.147e-008,8
-1.146e-008,12
-1.145e-008,12
-1.144e-008,10
-1.143e-008,7
-1.142e-008,13
-1.141e-008,8
-1.14e-008,9
-1.139e-008,8
-1.138e-008,10
-1.137e-008,8
-1.136e-008,10
-1.135e-008,11
-1.134e-008,8
-1.133e-008,5
-1.132e-008,13
-1.131e-008,6
-1.13e-008,10
-1.129e-008,8
-1.128e-008,7
-1.127e-008,7
-1.126e-008,8
-1.125e-008,10
-1.124e-008,7
-1.123e-008,8
-1.122e-008,9
-1.121e-008,9
-1.12e-008,9
-1.119e-008,10
-1.118e-008,11
-1.117e-008,8
-1.116e-008,7
-1.115e-008,7
-1.114e-008,9
-1.113e-008,7
-1.112e-008,10
-1.111e-008,8
-1.11e-008,8
-1.109e-008,11
-1.108e-008,10
-1.107e-008,7
-1.106e-008,9
-1.105e-008,4
-1.104e-008,6
-1.103e-008,14
-1.102e-008,9
-1.101e-008,7
-1.1e-008,5
-1.099e-008,7
-1.098e-008,8
-1.097e-008,13
-1.096e-008,7
-1.095e-008,3
-1.094e-008,4
-1.093e-008,9
-1.092e-008,7
-1.091e-008,10
-1.09e-008,8
-1.089e-008,12
-1.088e-008,7
-1.087e-008,6
-1.086e-008,10
-1.085e-008,3
-1.084e-008,11
-1.083e-008,9
-1.082e-008,11
-1.081e-008,8
-1.08e-008,5
-1.079e-008,6
-1.078e-008,10
-1.077e-008,11
-1.076e-008,5
-1.075e-008,12
-1.074e-008,4
-1.073e-008,9
-1.072e-008,6
-1.071e-008,5
-1.07e-008,4
-1.069e-008,7
-1.068e-008,7
-1.067e-008,8
-1.066e-008,5
-1.065e-008,10
-1.064e-008,8
-1.063e-008,7
-1.062e-008,2
-1.061e-008,9
-1.06e-008,10
-1.059e-008,11
-1.058e-008,8
-1.057e-008,7
-1.056e-008,8
-1.055e-008,12
-1.054e-008,5
-1.053e-008,6
-1.052e-008,7
-1.051e-008,8
-1.05e-008,9
-1.049e-008,8
-1.048e-008,8
-1.047e-008,12
-1.046e-008,13
-1.045e-008,8
-1.044e-008,14
-1.043e-008,9
-1.042e-008,11
-1.041e-008,10
-1.04e-008,7
-1.039e-008,9
-1.038e-008,9
-1.037e-008,11
-1.036e-008,7
-1.035e-008,7
-1.034e-008,10
-1.033e-008,7
-1.032e-008,6
-1.031e-008,5
-1.03e-008,9
-1.029e-008,5
-1.028e-008,6
-1.027e-008,12
-1.026e-008,9
-1.025e-008,5
-1.024e-008,8
-1.023e-008,7
-1.022e-008,12
-1.021e-008,11
-1.02e-008,7
-1.019e-008,8
-1.018e-008,6
-1.017e-008,13
-1.016e-008,11
-1.015e-008,9
-1.014e-008,10
-1.013e-008,9
-1.012e-008,8
-1.011e-008,9
-1.01e-008,10
-1.009e-008,12
-1.008e-008,5
-1.007e-008,8
-1.006e-008,9
-1.005e-008,14
-1.004e-008,7
-1.003e-008,10
-1.002e-008,7
-1.001e-008,2
-1e-008,7
-9.99e-009,5
-9.98e-009,7
-9.97e-009,9
-9.96e-009,5
-9.95e-009,13
-9.94e-009,6
-9.93e-009,11
-9.92e-009,8
-9.91e-009,8
-9.9e-009,8
-9.89e-009,4
-9.88e-009,11
-9.87e-009,6
-9.86e-009,5
-9.85e-009,8
-9.84e-009,14
-9.83e-009,4
-9.82e-009,6
-9.81e-009,8
-9.8e-009,7
-9.79e-009,11
-9.78e-009,6
-9.77e-009,5
-9.76e-009,9
-9.75e-009,4
-9.74e-009,14
-9.73e-009,9
-9.72e-009,6
-9.71e-009,7
-9.7e-009,9
-9.69e-009,6
-9.68e-009,9
-9.67e-009,10
-9.66e-009,11
-9.65e-009,9
-9.64e-009,8
-9.63e-009,6
-9.62e-009,7
-9.61e-009,14
-9.6e-009,7
-9.59e-009,3
-9.58e-009,11
-9.57e-009,13
-9.56e-009,9
-9.55e-009,13
-9.54e-009,11
-9.53e-009,8
-9.52e-009,5
-9.51e-009,6
-9.5e-009,9
-9.49e-009,8
-9.48e-009,8
-9.47e-009,9
-9.46e-009,10
-9.45e-009,11
-9.44e-009,10
-9.43e-009,7
-9.42e-009,12
-9.41e-009,5
-9.4e-009,9
-9.39e-009,9
-9.38e-009,9
-9.37e-009,8
-9.36e-009,13
-9.35e-009,8
-9.34e-009,5
-9.33e-009,12
-9.32e-009,5
-9.31e-009,8
-9.3e-009,14
-9.29e-009,14
-9.28e-009,11
-9.27e-009,9
-9.26e-009,11
-9.25e-009,9
-9.24e-009,10
-9.23e-009,10
-9.22e-009,9
-9.21e-009,15
-9.2e-009,9
-9.19e-009,9
-9.18e-009,9
-9.17e-009,7
-9.16e-009,10
-9.15e-009,11
-9.14e-009,9
-9.13e-009,9
-9.12e-009,7
-9.11e-009,8
-9.1e-009,5
-9.09e-009,10
-9.08e-009,7
-9.07e-009,6
-9.06e-009,9
-9.05e-009,8
-9.04e-009,17
-9.03e-009,9
-9.02e-009,7
-9.01e-009,11
-9e-009,7
-8.99e-009,7
-8.98e-009,5
-8.97e-009,6
-8.96e-009,9
-8.95e-009,6
-8.94e-009,7
-8.93e-009,8
-8.92e-009,12
-8.91e-009,8
-8.9e-009,9
-8.89e-009,7
-8.88e-009,9
-8.87e-009,6
-8.86e-009,10
-8.85e-009,10
-8.84e-009,4
-8.83e-009,8
-8.82e-009,7
-8.81e-009,13
-8.8e-009,5
-8.79e-009,2
-8.78e-009,7
-8.77e-009,8
-8.76e-009,11
-8.75e-009,7
-8.74e-009,13
-8.73e-009,7
-8.72e-009,10
-8.71e-009,9
-8.7e-009,7
-8.69e-009,11
-8.68e-009,9
-8.67e-009,7
-8.66e-009,11
-8.65e-009,10
-8.64e-009,9
-8.63e-009,8
-8.62e-009,9
-8.61e-009,4
-8.6e-009,9
-8.59e-009,5
-8.58e-009,7
-8.57e-009,11
-8.56e-009,10
-8.55e-009,11
-8.54e-009,9
-8.53e-009,6
-8.52e-009,5
-8.51e-009,15
-8.5e-009,10
-8.49e-009,7
-8.48e-009,4
-8.47e-009,1
-8.46e-009,8
-8.45e-009,10
-8.44e-009,8
-8.43e-009,11
-8.42e-009,9
-8.41e-009,7
-8.4e-009,5
-8.39e-009,10
-8.38e-009,5
-8.37e-009,6
-8.36e-009,8
-8.35e-009,5
-8.34e-009,7
-8.33e-009,10
-8.32e-009,8
-8.31e-009,8
-8.3e-009,10
-8.29e-009,9
-8.28e-009,10
-8.27e-009,7
-8.26e-009,11
-8.25e-009,10
-8.24e-009,5
-8.23e-009,9
-8.22e-009,10
-8.21e-009,11
-8.2e-009,14
-8.19e-009,8
-8.18e-009,4
-8.17e-009,7
-8.16e-009,6
-8.15e-009,9
-8.14e-009,7
-8.13e-009,8
-8.12e-009,11
-8.11e-009,14
-8.1e-009,10
-8.09e-009,3
-8.08e-009,5
-8.07e-009,6
-8.06e-009,10
-8.05e-009,8
-8.04e-009,11
-8.03e-009,5
-8.02e-009,6
-8.01e-009,6
-8e-009,10
-7.99e-009,7
-7.98e-009,12
-7.97e-009,11
-7.96e-009,8
-7.95e-009,11
-7.94e-009,7
-7.93e-009,10
-7.92e-009,10
-7.91e-009,14
-7.9e-009,9
-7.89e-009,11
-7.88e-009,10
-7.87e-009,9
-7.86e-009,10
-7.85e-009,10
-7.84e-009,13
-7.83e-009,6
-7.82e-009,8
-7.81e-009,7
-7.8e-009,11
-7.79e-009,3
-7.78e-009,5
-7.77e-009,14
-7.76e-009,14
-7.75e-009,6
-7.74e-009,12
-7.73e-009,5
-7.72e-009,11
-7.71e-009,8
-7.7e-009,9
-7.69e-009,12
-7.68e-009,6
-7.67e-009,6
-7.66e-009,4
-7.65e-009,6
-7.64e-009,7
-7.63e-009,3
-7.62e-009,8
-7.61e-009,6
-7.6e-009,10
-7.59e-009,11
-7.58e-009,8
-7.57e-009,10
-7.56e-009,8
-7.55e-009,9
-7.54e-009,11
-7.53e-009,10
-7.52e-009,6
-7.51e-009,8
-7.5e-009,10
-7.49e-009,5
-7.48e-009,9
-7.47e-009,7
-7.46e-009,13
-7.45e-009,6
-7.44e-009,11
-7.43e-009,15
-7.42e-009,5
-7.41e-009,6
-7.4e-009,8
-7.39e-009,11
-7.38e-009,9
-7.37e-009,6
-7.36e-009,10
-7.35e-009,7
-7.34e-009,13
-7.33e-009,7
-7.32e-009,7
-7.31e-009,9
-7.3e-009,14
-7.29e-009,11
-7.28e-009,11
-7.27e-009,12
-7.26e-009,7
-7.25e-009,6
-7.24e-009,11
-7.23e-009,6
-7.22e-009,9
-7.21e-009,4
-7.2e-009,4
-7.19e-009,7
-7.18e-009,7
-7.17e-009,7
-7.16e-009,8
-7.15e-009,4
-7.14e-009,12
-7.13e-009,7
-7.12e-009,5
-7.11e-009,12
-7.1e-009,9
-7.09e-009,2
-7.08e-009,12
-7.07e-009,8
-7.06e-009,9
-7.05e-009,6
-7.04e-009,2
-7.03e-009,9
-7.02e-009,8
-7.01e-009,5
-7e-009,15
-6.99e-009,6
-6.98e-009,4
-6.97e-009,10
-6.96e-009,7
-6.95e-009,7
-6.94e-009,11
-6.93e-009,11
-6.92e-009,7
-6.91e-009,6
-6.9e-009,7
-6.89e-009,13
-6.88e-009,8
-6.87e-009,4
-6.86e-009,7
-6.85e-009,13
-6.84e-009,11
-6.83e-009,11
-6.82e-009,9
-6.81e-009,14
-6.8e-009,7
-6.79e-009,13
-6.78e-009,6
-6.77e-009,3
-6.76e-009,8
-6.75e-009,9
-6.74e-009,8
-6.73e-009,8
-6.72e-009,8
-6.71e-009,13
-6.7e-009,7
-6.69e-009,7
-6.68e-009,8
-6.67e-009,6
-6.66e-009,7
-6.65e-009,10
-6.64e-009,11
-6.63e-009,9
-6.62e-009,10
-6.61e-009,6
-6.6e-009,8
-6.59e-009,6
-6.58e-009,7
-6.57e-009,12
-6.56e-009,11
-6.55e-009,6
-6.54e-009,13
-6.53e-009,9
-6.52e-009,11
-6.51e-009,6
-6.5e-009,10
-6.49e-009,10
-6.48e-009,11
-6.47e-009,4
-6.46e-009,5
-6.45e-009,6
-6.44e-009,11
-6.43e-009,10
-6.42e-009,11
-6.41e-009,8
-6.4e-009,7
-6.39e-009,7
-6.38e-009,7
-6.37e-009,6
-6.36e-009,7
-6.35e-009,7
-6.34e-009,8
-6.33e-009,8
-6.32e-009,9
-6.31e-009,10
-6.3e-009,15
-6.29e-009,9
-6.28e-009,11
-6.27e-009,5
-6.26e-009,8
-6.25e-009,9
-6.24e-009,13
-6.23e-009,12
-6.22e-009,5
-6.21e-009,11
-6.2e-009,10
-6.19e-009,8
-6.18e-009,5
-6.17e-009,8
-6.16e-009,10
-6.15e-009,3
-6.14e-009,6
-6.13e-009,14
-6.12e-009,8
-6.11e-009,13
-6.1e-009,10
-6.09e-009,4
-6.08e-009,7
-6.07e-009,7
-6.06e-009,9
-6.05e-009,11
-6.04e-009,10
-6.03e-009,8
-6.02e-009,10
-6.01e-009,12
-6e-009,5
-5.99e-009,13
-5.98e-009,7
-5.97e-009,10
-5.96e-009,10
-5.95e-009,9
-5.94e-009,14
-5.93e-009,13
-5.92e-009,15
-5.91e-009,8
-5.9e-009,6
-5.89e-009,8
-5.88e-009,5
-5.87e-009,6
-5.86e-009,14
-5.85e-009,9
-5.84e-009,6
-5.83e-009,5
-5.82e-009,8
-5.81e-009,12
-5.8e-009,11
-5.79e-009,10
-5.78e-009,10
-5.77e-009,8
-5.76e-009,7
-5.75e-009,10
-5.74e-009,9
-5.73e-009,8
-5.72e-009,13
-5.71e-009,9
-5.7e-009,12
-5.69e-009,7
-5.68e-009,7
-5.67e-009,7
-5.66e-009,9
-5.65e-009,11
-5.64e-009,10
-5.63e-009,9
-5.62e-009,7
-5.61e-009,7
-5.6e-009,6
-5.59e-009,7
-5.58e-009,9
-5.57e-009,9
-5.56e-009,5
-5.55e-009,4
-5.54e-009,11
-5.53e-009,13
-5.52e-009,12
-5.51e-009,4
-5.5e-009,12
-5.49e-009,6
-5.48e-009,9
-5.47e-009,6
-5.46e-009,10
-5.45e-009,13
-5.44e-009,8
-5.43e-009,8
-5.42e-009,7
-5.41e-009,7
-5.4e-009,10
-5.39e-009,5
-5.38e-009,9
-5.37e-009,10
-5.36e-009,8
-5.35e-009,7
-5.34e-009,10
-5.33e-009,9
-5.32e-009,9
-5.31e-009,8
-5.3e-009,9
-5.29e-009,6
-5.28e-009,7
-5.27e-009,13
-5.26e-009,7
-5.25e-009,8
-5.24e-009,7
-5.23e-009,7
-5.22e-009,10
-5.21e-009,4
-5.2e-009,8
-5.19e-009,4
-5.18e-009,5
-5.17e-009,13
-5.16e-009,12
-5.15e-009,10
-5.14e-009,11
-5.13e-009,14
-5.12e-009,8
-5.11e-009,8
-5.1e-009,6
-5.09e-009,5
-5.08e-009,9
-5.07e-009,9
-5.06e-009,7
-5.05e-009,4
-5.04e-009,8
-5.03e-009,11
-5.02e-009,7
-5.01e-009,9
-5e-009,7
-4.99e-009,11
-4.98e-009,8
-4.97e-009,10
-4.96e-009,6
-4.95e-009,8
-4.94e-009,8
-4.93e-009,6
-4.92e-009,8
-4.91e-009,11
-4.9e-009,8
-4.89e-009,10
-4.88e-009,10
-4.87e-009,8
-4.86e-009,12
-4.85e-009,4
-4.84e-009,7
-4.83e-009,12
-4.82e-009,5
-4.81e-009,9
-4.8e-009,10
-4.79e-009,10
-4.78e-009,7
-4.77e-009,5
-4.76e-009,4
-4.75e-009,9
-4.74e-009,9
-4.73e-009,9
-4.72e-009,6
-4.71e-009,8
-4.7e-009,7
-4.69e-009,8
-4.68e-009,6
-4.67e-009,4
-4.66e-009,13
-4.65e-009,10
-4.64e-009,8
-4.63e-009,5
-4.62e-009,9
-4.61e-009,6
-4.6e-009,12
-4.59e-009,6
-4.58e-009,8
-4.57e-009,8
-4.56e-009,6
-4.55e-009,14
-4.54e-009,13
-4.53e-009,14
-4.52e-009,7
-4.51e-009,9
-4.5e-009,10
-4.49e-009,11
-4.48e-009,11
-4.47e-009,12
-4.46e-009,5
-4.45e-009,7
-4.44e-009,7
-4.43e-009,4
-4.42e-009,8
-4.41e-009,9
-4.4e-009,7
-4.39e-009,6
-4.38e-009,7
-4.37e-009,10
-4.36e-009,8
-4.35e-009,10
-4.34e-009,5
-4.33e-009,12
-4.32e-009,13
-4.31e-009,6
-4.3e-009,7
-4.29e-009,11
-4.28e-009,9
-4.27e-009,12
-4.26e-009,12
-4.25e-009,8
-4.24e-009,9
-4.23e-009,9
-4.22e-009,4
-4.21e-009,9
-4.2e-009,12
-4.19e-009,4
-4.18e-009,11
-4.17e-009,8
-4.16e-009,9
-4.15e-009,14
-4.14e-009,12
-4.13e-009,3
-4.12e-009,9
-4.11e-009,15
-4.1e-009,8
-4.09e-009,14
-4.08e-009,7
-4.07e-009,9
-4.06e-009,7
-4.05e-009,6
-4.04e-009,12
-4.03e-009,11
-4.02e-009,14
-4.01e-009,13
-4e-009,14
-3.99e-009,8
-3.98e-009,8
-3.97e-009,4
-3.96e-009,12
-3.95e-009,13
-3.94e-009,8
-3.93e-009,13
-3.92e-009,10
-3.91e-009,10
-3.9e-009,5
-3.89e-009,10
-3.88e-009,13
-3.87e-009,11
-3.86e-009,11
-3.85e-009,8
-3.84e-009,16
-3.83e-009,9
-3.82e-009,5
-3.81e-009,8
-3.8e-009,8
-3.79e-009,9
-3.78e-009,8
-3.77e-009,8
-3.76e-009,5
-3.75e-009,9
-3.74e-009,6
-3.73e-009,11
-3.72e-009,10
-3.71e-009,9
-3.7e-009,7
-3.69e-009,11
-3.68e-009,9
-3.67e-009,5
-3.66e-009,10
-3.65e-009,6
-3.64e-009,12
-3.63e-009,12
-3.62e-009,6
-3.61e-009,11
-3.6e-009,5
-3.59e-009,7
-3.58e-009,10
-3.57e-009,10
-3.56e-009,7
-3.55e-009,8
-3.54e-009,9
-3.53e-009,12
-3.52e-009,10
-3.51e-009,8
-3.5e-009,8
-3.49e-009,6
-3.48e-009,10
-3.47e-009,6
-3.46e-009,9
-3.45e-009,10
-3.44e-009,6
-3.43e-009,10
-3.42e-009,9
-3.41e-009,9
-3.4e-009,13
-3.39e-009,5
-3.38e-009,10
-3.37e-009,9
-3.36e-009,7
-3.35e-009,4
-3.34e-009,10
-3.33e-009,6
-3.32e-009,7
-3.31e-009,15
-3.3e-009,8
-3.29e-009,13
-3.28e-009,17
-3.27e-009,7
-3.26e-009,9
-3.25e-009,11
-3.24e-009,11
-3.23e-009,5
-3.22e-009,15
-3.21e-009,7
-3.2e-009,11
-3.19e-009,4
-3.18e-009,5
-3.17e-009,9
-3.16e-009,8
-3.15e-009,9
-3.14e-009,7
-3.13e-009,12
-3.12e-009,10
-3.11e-009,6
-3.1e-009,7
-3.09e-009,13
-3.08e-009,4
-3.07e-009,8
-3.06e-009,9
-3.05e-009,7
-3.04e-009,7
-3.03e-009,11
-3.02e-009,7
-3.01e-009,5
-3e-009,5
-2.99e-009,8
-2.98e-009,6
-2.97e-009,7
-2.96e-009,14
-2.95e-009,7
-2.94e-009,10
-2.93e-009,10
-2.92e-009,9
-2.91e-009,3
-2.9e-009,15
-2.89e-009,10
-2.88e-009,5
-2.87e-009,8
-2.86e-009,12
-2.85e-009,14
-2.84e-009,5
-2.83e-009,5
-2.82e-009,4
-2.81e-009,11
-2.8e-009,5
-2.79e-009,14
-2.78e-009,11
-2.77e-009,9
-2.76e-009,6
-2.75e-009,7
-2.74e-009,7
-2.73e-009,16
-2.72e-009,6
-2.71e-009,6
-2.7e-009,8
-2.69e-009,8
-2.68e-009,8
-2.67e-009,6
-2.66e-009,11
-2.65e-009,9
-2.64e-009,6
-2.63e-009,6
-2.62e-009,8
-2.61e-009,8
-2.6e-009,7
-2.59e-009,4
-2.58e-009,6
-2.57e-009,3
-2.56e-009,7
-2.55e-009,16
-2.54e-009,10
-2.53e-009,5
-2.52e-009,12
-2.51e-009,14
-2.5e-009,7
-2.49e-009,8
-2.48e-009,11
-2.47e-009,9
-2.46e-009,8
-2.45e-009,11
-2.44e-009,8
-2.43e-009,5
-2.42e-009,7
-2.41e-009,11
-2.4e-009,12
-2.39e-009,10
-2.38e-009,7
-2.37e-009,5
-2.36e-009,8
-2.35e-009,16
-2.34e-009,10
-2.33e-009,9
-2.32e-009,8
-2.31e-009,5
-2.3e-009,8
-2.29e-009,9
-2.28e-009,8
-2.27e-009,14
-2.26e-009,9
-2.25e-009,16
-2.24e-009,6
-2.23e-009,11
-2.22e-009,9
-2.21e-009,10
-2.2e-009,4
-2.19e-009,6
-2.18e-009,6
-2.17e-009,5
-2.16e-009,8
-2.15e-009,6
-2.14e-009,6
-2.13e-009,7
-2.12e-009,12
-2.11e-009,5
-2.1e-009,13
-2.09e-009,8
-2.08e-009,9
-2.07e-009,16
-2.06e-009,15
-2.05e-009,10
-2.04e-009,11
-2.03e-009,14
-2.02e-009,13
-2.01e-009,10
-2e-009,11
-1.99e-009,7
-1.98e-009,9
-1.97e-009,6
-1.96e-009,6
-1.95e-009,12
-1.94e-009,7
-1.93e-009,3
-1.92e-009,0
-1.91e-009,8
-1.9e-009,2
-1.89e-009,9
-1.88e-009,11
-1.87e-009,8
-1.86e-009,12
-1.85e-009,11
-1.84e-009,5
-1.83e-009,16
-1.82e-009,11
-1.81e-009,6
-1.8e-009,14
-1.79e-009,16
-1.78e-009,6
-1.77e-009,6
-1.76e-009,5
-1.75e-009,12
-1.74e-009,9
-1.73e-009,11
-1.72e-009,5
-1.71e-009,11
-1.7e-009,7
-1.69e-009,6
-1.68e-009,5
-1.67e-009,6
-1.66e-009,13
-1.65e-009,11
-1.64e-009,8
-1.63e-009,10
-1.62e-009,8
-1.61e-009,11
-1.6e-009,6
-1.59e-009,15
-1.58e-009,12
-1.57e-009,7
-1.56e-009,6
-1.55e-009,6
-1.54e-009,11
-1.53e-009,10
-1.52e-009,9
-1.51e-009,7
-1.5e-009,8
-1.49e-009,11
-1.48e-009,11
-1.47e-009,6
-1.46e-009,9
-1.45e-009,9
-1.44e-009,8
-1.43e-009,11
-1.42e-009,8
-1.41e-009,10
-1.4e-009,8
-1.39e-009,16
-1.38e-009,7
-1.37e-009,13
-1.36e-009,12
-1.35e-009,4
-1.34e-009,6
-1.33e-009,5
-1.32e-009,8
-1.31e-009,9
-1.3e-009,13
-1.29e-009,11
-1.28e-009,9
-1.27e-009,10
-1.26e-009,6
-1.25e-009,6
-1.24e-009,10
-1.23e-009,4
-1.22e-009,6
-1.21e-009,8
-1.2e-009,12
-1.19e-009,12
-1.18e-009,7
-1.17e-009,7
-1.16e-009,5
-1.15e-009,8
-1.14e-009,5
-1.13e-009,7
-1.12e-009,5
-1.11e-009,2
-1.1e-009,6
-1.09e-009,3
-1.08e-009,2
-1.07e-009,3
-1.06e-009,2
-1.05e-009,1
-1.04e-009,1
-1.03e-009,0
-1.02e-009,0
-1.01e-009,0
-1e-009,0
-9.9e-010,0
-9.8e-010,0
-9.7e-010,0
-9.6e-010,0
-9.5e-010,0
-9.4e-010,0
-9.3e-010,0
-9.2e-010,0
-9.1e-010,0
-9e-010,0
-8.9e-010,0
-8.8e-010,0
-8.7e-010,0
-8.6e-010,0
-8.5e-010,0
-8.4e-010,0
-8.3e-010,0
-8.2e-010,0
-8.1e-010,0
-8e-010,0
-7.9e-010,0
-7.8e-010,0
-7.7e-010,0
-7.6e-010,0
-7.5e-010,0
-7.4e-010,0
-7.3e-010,0
-7.2e-010,0
-7.1e-010,0
-7e-010,0
-6.9e-010,0
-6.8e-010,0
-6.7e-010,0
-6.6e-010,0
-6.5e-010,0
-6.4e-010,0
-6.3e-010,0
-6.2e-010,0
-6.1e-010,0
-6e-010,0
-5.9e-010,0
-5.8e-010,0
-5.7e-010,0
-5.6e-010,0
-5.5e-010,0
-5.4e-010,0
-5.3e-010,0
-5.2e-010,0
-5.1e-010,0
-5e-010,0
-4.9e-010,0
-4.8e-010,0
-4.7e-010,0
-4.6e-010,0
-4.5e-010,0
-4.4e-010,0
-4.3e-010,0
-4.2e-010,0
-4.1e-010,0
-4e-010,0
-3.9e-010,0
-3.8e-010,0
-3.7e-010,0
-3.6e-010,0
-3.5e-010,0
-3.4e-010,0
-3.3e-010,0
-3.2e-010,0
-3.1e-010,0
-3e-010,0
-2.9e-010,0
-2.8e-010,0
-2.7e-010,0
-2.6e-010,0
-2.5e-010,0
-2.4e-010,0
-2.3e-010,0
-2.2e-010,0
-2.1e-010,0
-2e-010,0
-1.9e-010,0
-1.8e-010,0
-1.7e-010,0
-1.6e-010,0
-1.5e-010,0
-1.4e-010,0
-1.3e-010,0
-1.2e-010,0
-1.1e-010,0
-1e-010,0
-9e-011,0
-8e-011,0
-7e-011,0
-6e-011,0
-5e-011,0
-4e-011,0
-3e-011,0
-2e-011,0
-1e-011,0
1.1846e-021,0
1e-011,0
2e-011,0
3e-011,0
4e-011,0
5e-011,0
6e-011,0
7e-011,0
8e-011,0
9e-011,0
1e-010,0
1.1e-010,0
1.2e-010,0
1.3e-010,0
1.4e-010,0
1.5e-010,0
1.6e-010,0
1.7e-010,0
1.8e-010,0
1.9e-010,0
2e-010,0
2.1e-010,0
2.2e-010,0
2.3e-010,0
2.4e-010,0
2.5e-010,0
2.6e-010,0
2.7e-010,0
2.8e-010,0
2.9e-010,0
3e-010,0
3.1e-010,0
3.2e-010,0
3.3e-010,0
3.4e-010,0
3.5e-010,0
3.6e-010,0
3.7e-010,0
3.8e-010,0
3.9e-010,0
4e-010,0
4.1e-010,0
4.2e-010,0
4.3e-010,0
4.4e-010,0
4.5e-010,0
4.6e-010,0
4.7e-010,0
4.8e-010,0
4.9e-010,0
5e-010,0
5.1e-010,0
5.2e-010,0
5.3e-010,0
5.4e-010,0
5.5e-010,0
5.6e-010,0
5.7e-010,0
5.8e-010,0
5.9e-010,0
6e-010,0
6.1e-010,0
6.2e-010,0
6.3e-010,0
6.4e-010,0
6.5e-010,0
6.6e-010,0
6.7e-010,0
6.8e-010,0
6.9e-010,0
7e-010,0
7.1e-010,0
7.2e-010,0
7.3e-010,0
7.4e-010,0
7.5e-010,0
7.6e-010,0
7.7e-010,0
7.8e-010,0
7.9e-010,0
8e-010,0
8.1e-010,0
8.2e-010,0
8.3e-010,0
8.4e-010,0
8.5e-010,0
8.6e-010,0
8.7e-010,0
8.8e-010,0
8.9e-010,0
9e-010,0
9.1e-010,0
9.2e-010,0
9.3e-010,0
9.4e-010,0
9.5e-010,0
9.6e-010,0
9.7e-010,0
9.8e-010,0
9.9e-010,0
1e-009,0
1.01e-009,0
1.02e-009,0
1.03e-009,0
1.04e-009,0
1.05e-009,0
1.06e-009,0
1.07e-009,0
1.08e-009,0
1.09e-009,0
1.1e-009,0
1.11e-009,0
1.12e-009,0
1.13e-009,0
1.14e-009,0
1.15e-009,0
1.16e-009,0
1.17e-009,0
1.18e-009,0
1.19e-009,0
1.2e-009,0
1.21e-009,0
1.22e-009,0
1.23e-009,0
1.24e-009,0
1.25e-009,0
1.26e-009,0
1.27e-009,0
1.28e-009,0
1.29e-009,0
1.3e-009,0
1.31e-009,0
1.32e-009,0
1.33e-009,0
1.34e-009,0
1.35e-009,0
1.36e-009,0
1.37e-009,0
1.38e-009,0
1.39e-009,0
1.4e-009,0
1.41e-009,0
1.42e-009,0
1.43e-009,0
1.44e-009,0
1.45e-009,0
1.46e-009,0
1.47e-009,0
1.48e-009,0
1.49e-009,0
1.5e-009,0
1.51e-009,0
1.52e-009,0
1.53e-009,0
1.54e-009,0
1.55e-009,0
1.56e-009,0
1.57e-009,0
1.58e-009,0
1.59e-009,0
1.6e-009,0
1.61e-009,0
1.62e-009,0
1.63e-009,0
1.64e-009,0
1.65e-009,0
1.66e-009,0
1.67e-009,0
1.68e-009,0
1.69e-009,0
1.7e-009,0
1.71e-009,0
1.72e-009,0
1.73e-009,0
1.74e-009,0
1.75e-009,0
1.76e-009,0
1.77e-009,0
1.78e-009,0
1.79e-009,0
1.8e-009,0
1.81e-009,0
1.82e-009,0
1.83e-009,0
1.84e-009,0
1.85e-009,0
1.86e-009,0
1.87e-009,0
1.88e-009,0
1.89e-009,0
1.9e-009,0
1.91e-009,0
1.92e-009,0
1.93e-009,0
1.94e-009,0
1.95e-009,0
1.96e-009,0
1.97e-009,0
1.98e-009,0
1.99e-009,0
2e-009,0
2.01e-009,0
2.02e-009,0
2.03e-009,0
2.04e-009,0
2.05e-009,0
2.06e-009,0
2.07e-009,0
2.08e-009,0
2.09e-009,0
2.1e-009,0
2.11e-009,0
2.12e-009,0
2.13e-009,0
2.14e-009,0
2.15e-009,0
2.16e-009,0
2.17e-009,0
2.18e-009,0
2.19e-009,0
2.2e-009,0
2.21e-009,0
2.22e-009,0
2.23e-009,0
2.24e-009,0
2.25e-009,0
2.26e-009,0
2.27e-009,0
2.28e-009,0
2.29e-009,0
2.3e-009,0
2.31e-009,0
2.32e-009,0
2.33e-009,0
2.34e-009,0
2.35e-009,0
2.36e-009,0
2.37e-009,0
2.38e-009,0
2.39e-009,0
2.4e-009,0
2.41e-009,0
2.42e-009,0
2.43e-009,0
2.44e-009,0
2.45e-009,0
2.46e-009,0
2.47e-009,0
2.48e-009,0
2.49e-009,0
2.5e-009,0
2.51e-009,0
2.52e-009,0
2.53e-009,0
2.54e-009,0
2.55e-009,0
2.56e-009,0
2.57e-009,0
2.58e-009,0
2.59e-009,0
2.6e-009,0
2.61e-009,0
2.62e-009,0
2.63e-009,0
2.64e-009,0
2.65e-009,0
2.66e-009,0
2.67e-009,0
2.68e-009,0
2.69e-009,0
2.7e-009,0
2.71e-009,0
2.72e-009,0
2.73e-009,0
2.74e-009,0
2.75e-009,0
2.76e-009,0
2.77e-009,0
2.78e-009,0
2.79e-009,0
2.8e-009,0
2.81e-009,0
2.82e-009,0
2.83e-009,0
2.84e-009,0
2.85e-009,0
2.86e-009,0
2.87e-009,0
2.88e-009,0
2.89e-009,0
2.9e-009,0
2.91e-009,0
2.92e-009,0
2.93e-009,0
2.94e-009,0
2.95e-009,0
2.96e-009,0
2.97e-009,0
2.98e-009,0
2.99e-009,0
3e-009,0
3.01e-009,0
3.02e-009,0
3.03e-009,0
3.04e-009,0
3.05e-009,0
3.06e-009,0
3.07e-009,0
3.08e-009,0
3.09e-009,0
3.1e-009,0
3.11e-009,0
3.12e-009,0
3.13e-009,0
3.14e-009,0
3.15e-009,0
3.16e-009,0
3.17e-009,0
3.18e-009,0
3.19e-009,0
3.2e-009,0
3.21e-009,0
3.22e-009,0
3.23e-009,0
3.24e-009,0
3.25e-009,0
3.26e-009,0
3.27e-009,0
3.28e-009,0
3.29e-009,0
3.3e-009,0
3.31e-009,0
3.32e-009,0
3.33e-009,0
3.34e-009,0
3.35e-009,0
3.36e-009,0
3.37e-009,0
3.38e-009,0
3.39e-009,0
3.4e-009,0
3.41e-009,0
3.42e-009,0
3.43e-009,0
3.44e-009,0
3.45e-009,0
3.46e-009,0
3.47e-009,0
3.48e-009,0
3.49e-009,0
3.5e-009,0
3.51e-009,0
3.52e-009,0
3.53e-009,0
3.54e-009,0
3.55e-009,0
3.56e-009,0
3.57e-009,0
3.58e-009,0
3.59e-009,0
3.6e-009,0
3.61e-009,0
3.62e-009,0
3.63e-009,0
3.64e-009,0
3.65e-009,0
3.66e-009,0
3.67e-009,0
3.68e-009,0
3.69e-009,0
3.7e-009,0
3.71e-009,0
3.72e-009,0
3.73e-009,0
3.74e-009,0
3.75e-009,0
3.76e-009,0
3.77e-009,0
3.78e-009,0
3.79e-009,0
3.8e-009,0
3.81e-009,0
3.82e-009,0
3.83e-009,0
3.84e-009,0
3.85e-009,0
3.86e-009,0
3.87e-009,0
3.88e-009,0
3.89e-009,0
3.9e-009,0
3.91e-009,0
3.92e-009,0
3.93e-009,0
3.94e-009,0
3.95e-009,0
3.96e-009,0
3.97e-009,0
3.98e-009,0
3.99e-009,0
4e-009,0
4.01e-009,0
4.02e-009,0
4.03e-009,0
4.04e-009,0
4.05e-009,0
4.06e-009,0
4.07e-009,0
4.08e-009,0
4.09e-009,0
4.1e-009,0
4.11e-009,0
4.12e-009,0
4.13e-009,0
4.14e-009,0
4.15e-009,0
4.16e-009,0
4.17e-009,0
4.18e-009,0
4.19e-009,0
4.2e-009,0
4.21e-009,0
4.22e-009,0
4.23e-009,0
4.24e-009,0
4.25e-009,0
4.26e-009,0
4.27e-009,0
4.28e-009,0
4.29e-009,0
4.3e-009,0
4.31e-009,0
4.32e-009,0
4.33e-009,0
4.34e-009,0
4.35e-009,0
4.36e-009,0
4.37e-009,0
4.38e-009,0
4.39e-009,0
4.4e-009,0
4.41e-009,0
4.42e-009,0
4.43e-009,0
4.44e-009,0
4.45e-009,0
4.46e-009,0
4.47e-009,0
4.48e-009,0
4.49e-009,0
4.5e-009,0
4.51e-009,0
4.52e-009,0
4.53e-009,0
4.54e-009,0
4.55e-009,0
4.56e-009,0
4.57e-009,0
4.58e-009,0
4.59e-009,0
4.6e-009,0
4.61e-009,0
4.62e-009,0
4.63e-009,0
4.64e-009,0
4.65e-009,0
4.66e-009,0
4.67e-009,0
4.68e-009,0
4.69e-009,0
4.7e-009,0
4.71e-009,0
4.72e-009,0
4.73e-009,0
4.74e-009,0
4.75e-009,0
4.76e-009,0
4.77e-009,0
4.78e-009,0
4.79e-009,0
4.8e-009,0
4.81e-009,0
4.82e-009,0
4.83e-009,0
4.84e-009,0
4.85e-009,0
4.86e-009,0
4.87e-009,0
4.88e-009,0
4.89e-009,0
4.9e-009,0
4.91e-009,0
4.92e-009,0
4.93e-009,0
4.94e-009,0
4.95e-009,0
4.96e-009,0
4.97e-009,0
4.98e-009,0
4.99e-009,0
5e-009,0
5.01e-009,0
5.02e-009,0
5.03e-009,0
5.04e-009,0
5.05e-009,0
5.06e-009,0
5.07e-009,0
5.08e-009,0
5.09e-009,0
5.1e-009,0
5.11e-009,0
5.12e-009,0
5.13e-009,0
5.14e-009,0
5.15e-009,0
5.16e-009,0
5.17e-009,0
5.18e-009,0
5.19e-009,0
5.2e-009,0
5.21e-009,0
5.22e-009,0
5.23e-009,0
5.24e-009,0
5.25e-009,0
5.26e-009,0
5.27e-009,0
5.28e-009,0
5.29e-009,0
5.3e-009,0
5.31e-009,0
5.32e-009,0
5.33e-009,0
5.34e-009,0
5.35e-009,0
5.36e-009,0
5.37e-009,0
5.38e-009,0
5.39e-009,0
5.4e-009,0
5.41e-009,0
5.42e-009,0
5.43e-009,0
5.44e-009,0
5.45e-009,0
5.46e-009,0
5.47e-009,0
5.48e-009,0
5.49e-009,0
5.5e-009,0
5.51e-009,0
5.52e-009,0
5.53e-009,0
5.54e-009,0
5.55e-009,0
5.56e-009,0
5.57e-009,0
5.58e-009,0
5.59e-009,0
5.6e-009,0
5.61e-009,0
5.62e-009,0
5.63e-009,0
5.64e-009,0
5.65e-009,0
5.66e-009,0
5.67e-009,0
5.68e-009,0
5.69e-009,0
5.7e-009,0
5.71e-009,0
5.72e-009,0
5.73e-009,0
5.74e-009,0
5.75e-009,0
5.76e-009,0
5.77e-009,0
5.78e-009,0
5.79e-009,0
5.8e-009,0
5.81e-009,0
5.82e-009,0
5.83e-009,0
5.84e-009,0
5.85e-009,0
5.86e-009,0
5.87e-009,0
5.88e-009,0
5.89e-009,0
5.9e-009,0
5.91e-009,0
5.92e-009,0
5.93e-009,0
5.94e-009,0
5.95e-009,0
5.96e-009,0
5.97e-009,0
5.98e-009,0
5.99e-009,0
6e-009,0
6.01e-009,0
6.02e-009,0
6.03e-009,0
6.04e-009,0
6.05e-009,0
6.06e-009,0
6.07e-009,0
6.08e-009,0
6.09e-009,0
6.1e-009,0
6.11e-009,0
6.12e-009,0
6.13e-009,0
6.14e-009,0
6.15e-009,0
6.16e-009,0
6.17e-009,0
6.18e-009,0
6.19e-009,0
6.2e-009,0
6.21e-009,0
6.22e-009,0
6.23e-009,0
6.24e-009,0
6.25e-009,0
6.26e-009,0
6.27e-009,0
6.28e-009,0
6.29e-009,0
6.3e-009,0
6.31e-009,0
6.32e-009,0
6.33e-009,0
6.34e-009,0
6.35e-009,0
6.36e-009,0
6.37e-009,0
6.38e-009,0
6.39e-009,0
6.4e-009,0
6.41e-009,0
6.42e-009,0
6.43e-009,0
6.44e-009,0
6.45e-009,0
6.46e-009,0
6.47e-009,0
6.48e-009,0
6.49e-009,0
6.5e-009,0
6.51e-009,0
6.52e-009,0
6.53e-009,0
6.54e-009,0
6.55e-009,0
6.56e-009,0
6.57e-009,0
6.58e-009,0
6.59e-009,0
6.6e-009,0
6.61e-009,0
6.62e-009,0
6.63e-009,0
6.64e-009,0
6.65e-009,0
6.66e-009,0
6.67e-009,0
6.68e-009,0
6.69e-009,0
6.7e-009,0
6.71e-009,0
6.72e-009,0
6.73e-009,0
6.74e-009,0
6.75e-009,0
6.76e-009,0
6.77e-009,0
6.78e-009,0
6.79e-009,0
6.8e-009,0
6.81e-009,0
6.82e-009,0
6.83e-009,0
6.84e-009,0
6.85e-009,0
6.86e-009,0
6.87e-009,0
6.88e-009,0
6.89e-009,0
6.9e-009,0
6.91e-009,0
6.92e-009,0
6.93e-009,0
6.94e-009,0
6.95e-009,0
6.96e-009,0
6.97e-009,0
6.98e-009,0
6.99e-009,0
7e-009,0
7.01e-009,0
7.02e-009,0
7.03e-009,0
7.04e-009,0
7.05e-009,0
7.06e-009,0
7.07e-009,0
7.08e-009,0
7.09e-009,0
7.1e-009,0
7.11e-009,0
7.12e-009,0
7.13e-009,0
7.14e-009,0
7.15e-009,0
7.16e-009,0
7.17e-009,0
7.18e-009,0
7.19e-009,0
7.2e-009,0
7.21e-009,0
7.22e-009,0
7.23e-009,0
7.24e-009,0
7.25e-009,0
7.26e-009,0
7.27e-009,0
7.28e-009,0
7.29e-009,0
7.3e-009,0
7.31e-009,0
7.32e-009,0
7.33e-009,0
7.34e-009,0
7.35e-009,0
7.36e-009,0
7.37e-009,0
7.38e-009,0
7.39e-009,0
7.4e-009,0
7.41e-009,0
7.42e-009,0
7.43e-009,0
7.44e-009,0
7.45e-009,0
7.46e-009,0
7.47e-009,0
7.48e-009,0
7.49e-009,0
7.5e-009,0
7.51e-009,0
7.52e-009,0
7.53e-009,0
7.54e-009,0
7.55e-009,0
7.56e-009,0
7.57e-009,0
7.58e-009,0
7.59e-009,0
7.6e-009,0
7.61e-009,0
7.62e-009,0
7.63e-009,0
7.64e-009,0
7.65e-009,0
7.66e-009,0
7.67e-009,0
7.68e-009,0
7.69e-009,0
7.7e-009,0
7.71e-009,0
7.72e-009,0
7.73e-009,0
7.74e-009,0
7.75e-009,0
7.76e-009,0
7.77e-009,0
7.78e-009,0
7.79e-009,0
7.8e-009,0
7.81e-009,0
7.82e-009,0
7.83e-009,0
7.84e-009,0
7.85e-009,0
7.86e-009,0
7.87e-009,0
7.88e-009,0
7.89e-009,0
7.9e-009,0
7.91e-009,0
7.92e-009,0
7.93e-009,0
7.94e-009,0
7.95e-009,0
7.96e-009,0
7.97e-009,0
7.98e-009,0
7.99e-009,0
8e-009,0
8.01e-009,0
8.02e-009,0
8.03e-009,0
8.04e-009,0
8.05e-009,0
8.06e-009,0
8.07e-009,0
8.08e-009,0
8.09e-009,0
8.1e-009,0
8.11e-009,0
8.12e-009,0
8.13e-009,0
8.14e-009,0
8.15e-009,0
8.16e-009,0
8.17e-009,0
8.18e-009,0
8.19e-009,0
8.2e-009,0
8.21e-009,0
8.22e-009,0
8.23e-009,0
8.24e-009,0
8.25e-009,0
8.26e-009,0
8.27e-009,0
8.28e-009,0
8.29e-009,0
8.3e-009,0
8.31e-009,0
8.32e-009,0
8.33e-009,0
8.34e-009,0
8.35e-009,0
8.36e-009,0
8.37e-009,0
8.38e-009,0
8.39e-009,0
8.4e-009,0
8.41e-009,0
8.42e-009,0
8.43e-009,0
8.44e-009,0
8.45e-009,0
8.46e-009,0
8.47e-009,0
8.48e-009,0
8.49e-009,0
8.5e-009,0
8.51e-009,0
8.52e-009,0
8.53e-009,0
8.54e-009,0
8.55e-009,0
8.56e-009,0
8.57e-009,0
8.58e-009,0
8.59e-009,0
8.6e-009,0
8.61e-009,0
8.62e-009,0
8.63e-009,0
8.64e-009,0
8.65e-009,0
8.66e-009,0
8.67e-009,0
8.68e-009,0
8.69e-009,0
8.7e-009,0
8.71e-009,0
8.72e-009,0
8.73e-009,0
8.74e-009,0
8.75e-009,0
8.76e-009,0
8.77e-009,0
8.78e-009,0
8.79e-009,0
8.8e-009,0
8.81e-009,0
8.82e-009,0
8.83e-009,0
8.84e-009,0
8.85e-009,0
8.86e-009,0
8.87e-009,0
8.88e-009,0
8.89e-009,0
8.9e-009,0
8.91e-009,0
8.92e-009,0
8.93e-009,0
8.94e-009,0
8.95e-009,0
8.96e-009,0
8.97e-009,0
8.98e-009,0
8.99e-009,0
9e-009,0
9.01e-009,0
9.02e-009,0
9.03e-009,0
9.04e-009,0
9.05e-009,0
9.06e-009,0
9.07e-009,0
9.08e-009,0
9.09e-009,0
9.1e-009,0
9.11e-009,0
9.12e-009,0
9.13e-009,0
9.14e-009,0
9.15e-009,0
9.16e-009,0
9.17e-009,0
9.18e-009,0
9.19e-009,0
9.2e-009,0
9.21e-009,0
9.22e-009,0
9.23e-009,0
9.24e-009,0
9.25e-009,0
9.26e-009,0
9.27e-009,0
9.28e-009,0
9.29e-009,0
9.3e-009,0
9.31e-009,0
9.32e-009,0
9.33e-009,0
9.34e-009,0
9.35e-009,0
9.36e-009,0
9.37e-009,0
9.38e-009,0
9.39e-009,0
9.4e-009,0
9.41e-009,0
9.42e-009,0
9.43e-009,0
9.44e-009,0
9.45e-009,0
9.46e-009,0
9.47e-009,0
9.48e-009,0
9.49e-009,0
9.5e-009,0
9.51e-009,0
9.52e-009,0
9.53e-009,0
9.54e-009,0
9.55e-009,0
9.56e-009,0
9.57e-009,0
9.58e-009,0
9.59e-009,0
9.6e-009,0
9.61e-009,0
9.62e-009,0
9.63e-009,0
9.64e-009,0
9.65e-009,0
9.66e-009,0
9.67e-009,0
9.68e-009,0
9.69e-009,0
9.7e-009,0
9.71e-009,0
9.72e-009,0
9.73e-009,0
9.74e-009,0
9.75e-009,0
9.76e-009,0
9.77e-009,0
9.78e-009,0
9.79e-009,0
9.8e-009,0
9.81e-009,0
9.82e-009,0
9.83e-009,0
9.84e-009,0
9.85e-009,0
9.86e-009,0
9.87e-009,0
9.88e-009,0
9.89e-009,0
9.9e-009,0
9.91e-009,0
9.92e-009,0
9.93e-009,0
9.94e-009,0
9.95e-009,0
9.96e-009,0
9.97e-009,0
9.98e-009,0
9.99e-009,0
1e-008,0
1.001e-008,0
1.002e-008,0
1.003e-008,0
1.004e-008,0
1.005e-008,0
1.006e-008,0
1.007e-008,0
1.008e-008,0
1.009e-008,0
1.01e-008,0
1.011e-008,0
1.012e-008,0
1.013e-008,0
1.014e-008,0
1.015e-008,0
1.016e-008,0
1.017e-008,0
1.018e-008,0
1.019e-008,0
1.02e-008,0
1.021e-008,0
1.022e-008,0
1.023e-008,0
1.024e-008,0
1.025e-008,0
1.026e-008,0
1.027e-008,0
1.028e-008,0
1.029e-008,0
1.03e-008,0
1.031e-008,0
1.032e-008,0
1.033e-008,0
1.034e-008,0
1.035e-008,0
1.036e-008,0
1.037e-008,0
1.038e-008,0
1.039e-008,0
1.04e-008,0
1.041e-008,0
1.042e-008,0
1.043e-008,0
1.044e-008,0
1.045e-008,0
1.046e-008,0
1.047e-008,0
1.048e-008,0
1.049e-008,0
1.05e-008,0
1.051e-008,0
1.052e-008,0
1.053e-008,0
1.054e-008,0
1.055e-008,0
1.056e-008,0
1.057e-008,0
1.058e-008,0
1.059e-008,0
1.06e-008,0
1.061e-008,0
1.062e-008,0
1.063e-008,0
1.064e-008,0
1.065e-008,0
1.066e-008,0
1.067e-008,0
1.068e-008,0
1.069e-008,0
1.07e-008,0
1.071e-008,0
1.072e-008,0
1.073e-008,0
1.074e-008,0
1.075e-008,0
1.076e-008,0
1.077e-008,0
1.078e-008,0
1.079e-008,0
1.08e-008,0
1.081e-008,0
1.082e-008,0
1.083e-008,0
1.084e-008,0
1.085e-008,0
1.086e-008,0
1.087e-008,0
1.088e-008,0
1.089e-008,0
1.09e-008,0
1.091e-008,0
1.092e-008,0
1.093e-008,0
1.094e-008,0
1.095e-008,0
1.096e-008,0
1.097e-008,0
1.098e-008,0
1.099e-008,0
1.1e-008,0
1.101e-008,0
1.102e-008,0
1.103e-008,0
1.104e-008,0
1.105e-008,0
1.106e-008,0
1.107e-008,0
1.108e-008,0
1.109e-008,0
1.11e-008,0
1.111e-008,0
1.112e-008,0
1.113e-008,0
1.114e-008,0
1.115e-008,0
1.116e-008,0
1.117e-008,0
1.118e-008,0
1.119e-008,0
1.12e-008,0
1.121e-008,0
1.122e-008,0
1.123e-008,0
1.124e-008,0
1.125e-008,0
1.126e-008,0
1.127e-008,0
1.128e-008,0
1.129e-008,0
1.13e-008,0
1.131e-008,0
1.132e-008,0
1.133e-008,0
1.134e-008,0
1.135e-008,0
1.136e-008,0
1.137e-008,0
1.138e-008,0
1.139e-008,0
1.14e-008,0
1.141e-008,0
1.142e-008,0
1.143e-008,0
1.144e-008,0
1.145e-008,0
1.146e-008,0
1.147e-008,0
1.148e-008,0
1.149e-008,0
1.15e-008,0
1.151e-008,0
1.152e-008,0
1.153e-008,0
1.154e-008,0
1.155e-008,0
1.156e-008,0
1.157e-008,0
1.158e-008,0
1.159e-008,0
1.16e-008,0
1.161e-008,0
1.162e-008,0
1.163e-008,0
1.164e-008,0
1.165e-008,0
1.166e-008,0
1.167e-008,0
1.168e-008,0
1.169e-008,0
1.17e-008,0
1.171e-008,0
1.172e-008,0
1.173e-008,0
1.174e-008,0
1.175e-008,0
1.176e-008,0
1.177e-008,0
1.178e-008,0
1.179e-008,0
1.18e-008,0
1.181e-008,0
1.182e-008,0
1.183e-008,0
1.184e-008,0
1.185e-008,0
1.186e-008,0
1.187e-008,0
1.188e-008,0
1.189e-008,0
1.19e-008,0
1.191e-008,0
1.192e-008,0
1.193e-008,0
1.194e-008,0
1.195e-008,0
1.196e-008,0
1.197e-008,0
1.198e-008,0
1.199e-008,0
1.2e-008,0
1.201e-008,0
1.202e-008,0
1.203e-008,0
1.204e-008,0
1.205e-008,0
1.206e-008,0
1.207e-008,0
1.208e-008,0
1.209e-008,0
1.21e-008,0
1.211e-008,0
1.212e-008,0
1.213e-008,0
1.214e-008,0
1.215e-008,0
1.216e-008,0
1.217e-008,0
1.218e-008,0
1.219e-008,0
1.22e-008,0
1.221e-008,0
1.222e-008,0
1.223e-008,0
1.224e-008,0
1.225e-008,0
1.226e-008,0
1.227e-008,0
1.228e-008,0
1.229e-008,0
1.23e-008,0
1.231e-008,0
1.232e-008,0
1.233e-008,0
1.234e-008,0
1.235e-008,0
1.236e-008,0
1.237e-008,0
1.238e-008,0
1.239e-008,0
1.24e-008,0
1.241e-008,0
1.242e-008,0
1.243e-008,0
1.244e-008,0
1.245e-008,0
1.246e-008,0
1.247e-008,0
1.248e-008,0
1.249e-008,0
1.25e-008,0
1.251e-008,0
1.252e-008,0
1.253e-008,0
1.254e-008,0
1.255e-008,0
1.256e-008,0
1.257e-008,0
1.258e-008,0
1.259e-008,0
1.26e-008,0
1.261e-008,0
1.262e-008,0
1.263e-008,0
1.264e-008,0
1.265e-008,0
1.266e-008,0
1.267e-008,0
1.268e-008,0
1.269e-008,0
1.27e-008,0
1.271e-008,0
1.272e-008,0
1.273e-008,0
1.274e-008,0
1.275e-008,0
1.276e-008,0
1.277e-008,0
1.278e-008,0
1.279e-008,0
1.28e-008,0
1.281e-008,0
1.282e-008,0
1.283e-008,0
1.284e-008,0
1.285e-008,0
1.286e-008,0
1.287e-008,0
1.288e-008,0
1.289e-008,0
1.29e-008,0
1.291e-008,0
1.292e-008,0
1.293e-008,0
1.294e-008,0
1.295e-008,0
1.296e-008,0
1.297e-008,0
1.298e-008,0
1.299e-008,0
1.3e-008,0
1.301e-008,0
1.302e-008,0
1.303e-008,0
1.304e-008,0
1.305e-008,0
1.306e-008,0
1.307e-008,0
1.308e-008,0
1.309e-008,0
1.31e-008,0
1.311e-008,0
1.312e-008,0
1.313e-008,0
1.314e-008,0
1.315e-008,0
1.316e-008,0
1.317e-008,0
1.318e-008,0
1.319e-008,0
1.32e-008,0
1.321e-008,0
1.322e-008,0
1.323e-008,0
1.324e-008,0
1.325e-008,0
1.326e-008,0
1.327e-008,0
1.328e-008,0
1.329e-008,0
1.33e-008,0
1.331e-008,0
1.332e-008,0
1.333e-008,0
1.334e-008,0
1.335e-008,0
1.336e-008,0
1.337e-008,0
1.338e-008,0
1.339e-008,0
1.34e-008,0
1.341e-008,0
1.342e-008,0
1.343e-008,0
1.344e-008,0
1.345e-008,0
1.346e-008,0
1.347e-008,0
1.348e-008,0
1.349e-008,0
1.35e-008,0
1.351e-008,0
1.352e-008,0
1.353e-008,0
1.354e-008,0
1.355e-008,0
1.356e-008,0
1.357e-008,0
1.358e-008,0
1.359e-008,0
1.36e-008,0
1.361e-008,0
1.362e-008,0
1.363e-008,0
1.364e-008,0
1.365e-008,0
1.366e-008,0
1.367e-008,0
1.368e-008,0
1.369e-008,0
1.37e-008,0
1.371e-008,0
1.372e-008,0
1.373e-008,0
1.374e-008,0
1.375e-008,0
1.376e-008,0
1.377e-008,0
1.378e-008,0
1.379e-008,0
1.38e-008,0
1.381e-008,0
1.382e-008,0
1.383e-008,0
1.384e-008,0
1.385e-008,0
1.386e-008,0
1.387e-008,0
1.388e-008,0
1.389e-008,0
1.39e-008,0
1.391e-008,0
1.392e-008,0
1.393e-008,0
1.394e-008,0
1.395e-008,0
1.396e-008,0
1.397e-008,0
1.398e-008,0
1.399e-008,0
1.4e-008,0
1.401e-008,0
1.402e-008,0
1.403e-008,0
1.404e-008,0
1.405e-008,0
1.406e-008,0
1.407e-008,0
1.408e-008,0
1.409e-008,0
1.41e-008,0
1.411e-008,0
1.412e-008,0
1.413e-008,0
1.414e-008,0
1.415e-008,0
1.416e-008,0
1.417e-008,0
1.418e-008,0
1.419e-008,0
1.42e-008,0
1.421e-008,0
1.422e-008,0
1.423e-008,0
1.424e-008,0
1.425e-008,0
1.426e-008,0
1.427e-008,0
1.428e-008,0
1.429e-008,0
1.43e-008,0
1.431e-008,0
1.432e-008,0
1.433e-008,0
1.434e-008,0
1.435e-008,0
1.436e-008,0
1.437e-008,0
1.438e-008,0
1.439e-008,0
1.44e-008,0
1.441e-008,0
1.442e-008,0
1.443e-008,0
1.444e-008,0
1.445e-008,0
1.446e-008,0
1.447e-008,0
1.448e-008,0
1.449e-008,0
1.45e-008,0
1.451e-008,0
1.452e-008,0
1.453e-008,0
1.454e-008,0
1.455e-008,0
1.456e-008,0
1.457e-008,0
1.458e-008,0
1.459e-008,0
1.46e-008,0
1.461e-008,0
1.462e-008,0
1.463e-008,0
1.464e-008,0
1.465e-008,0
1.466e-008,0
1.467e-008,0
1.468e-008,0
1.469e-008,0
1.47e-008,0
1.471e-008,0
1.472e-008,0
1.473e-008,0
1.474e-008,0
1.475e-008,0
1.476e-008,0
1.477e-008,0
1.478e-008,0
1.479e-008,0
1.48e-008,0
1.481e-008,0
1.482e-008,0
1.483e-008,0
1.484e-008,0
1.485e-008,0
1.486e-008,0
1.487e-008,0
1.488e-008,0
1.489e-008,0
1.49e-008,0
1.491e-008,0
1.492e-008,0
1.493e-008,0
1.494e-008,0
1.495e-008,0
1.496e-008,0
1.497e-008,0
1.498e-008,0
1.499e-008,0
1.5e-008,0
1.501e-008,0
1.502e-008,0
1.503e-008,0
1.504e-008,0
1.505e-008,0
1.506e-008,0
1.507e-008,0
1.508e-008,0
1.509e-008,0
1.51e-008,0
1.511e-008,0
1.512e-008,0
1.513e-008,0
1.514e-008,0
1.515e-008,0
1.516e-008,0
1.517e-008,0
1.518e-008,0
1.519e-008,0
1.52e-008,0
1.521e-008,0
1.522e-008,0
1.523e-008,0
1.524e-008,0
1.525e-008,0
1.526e-008,0
1.527e-008,0
1.528e-008,0
1.529e-008,0
1.53e-008,0
1.531e-008,0
1.532e-008,0
1.533e-008,0
1.534e-008,0
1.535e-008,0
1.536e-008,0
1.537e-008,0
1.538e-008,0
1.539e-008,0
1.54e-008,0
1.541e-008,0
1.542e-008,0
1.543e-008,0
1.544e-008,0
1.545e-008,0
1.546e-008,0
1.547e-008,0
1.548e-008,0
1.549e-008,0
1.55e-008,0
1.551e-008,0
1.552e-008,0
1.553e-008,0
1.554e-008,0
1.555e-008,0
1.556e-008,0
1.557e-008,0
1.558e-008,0
1.559e-008,0
1.56e-008,0
1.561e-008,0
1.562e-008,0
1.563e-008,0
1.564e-008,0
1.565e-008,0
1.566e-008,0
1.567e-008,0
1.568e-008,0
1.569e-008,0
1.57e-008,0
1.571e-008,0
1.572e-008,0
1.573e-008,0
1.574e-008,0
1.575e-008,0
1.576e-008,0
1.577e-008,0
1.578e-008,0
1.579e-008,0
1.58e-008,0
1.581e-008,0
1.582e-008,0
1.583e-008,0
1.584e-008,0
1.585e-008,0
1.586e-008,0
1.587e-008,0
1.588e-008,0
1.589e-008,0
1.59e-008,0
1.591e-008,0
1.592e-008,0
1.593e-008,0
1.594e-008,0
1.595e-008,0
1.596e-008,0
1.597e-008,0
1.598e-008,0
1.599e-008,0
1.6e-008,0
1.601e-008,0
1.602e-008,0
1.603e-008,0
1.604e-008,0
1.605e-008,0
1.606e-008,0
1.607e-008,0
1.608e-008,0
1.609e-008,0
1.61e-008,0
1.611e-008,0
1.612e-008,0
1.613e-008,0
1.614e-008,0
1.615e-008,0
1.616e-008,0
1.617e-008,0
1.618e-008,0
1.619e-008,0
1.62e-008,0
1.621e-008,0
1.622e-008,0
1.623e-008,0
1.624e-008,0
1.625e-008,0
1.626e-008,0
1.627e-008,0
1.628e-008,0
1.629e-008,0
1.63e-008,0
1.631e-008,0
1.632e-008,0
1.633e-008,0
1.634e-008,0
1.635e-008,0
1.636e-008,0
1.637e-008,0
1.638e-008,0
1.639e-008,0
1.64e-008,0
1.641e-008,0
1.642e-008,0
1.643e-008,0
1.644e-008,0
1.645e-008,0
1.646e-008,0
1.647e-008,0
1.648e-008,0
1.649e-008,0
1.65e-008,0
1.651e-008,0
1.652e-008,0
1.653e-008,0
1.654e-008,0
1.655e-008,0
1.656e-008,0
1.657e-008,0
1.658e-008,0
1.659e-008,0
1.66e-008,0
1.661e-008,0
1.662e-008,0
1.663e-008,0
1.664e-008,0
1.665e-008,0
1.666e-008,0
1.667e-008,0
1.668e-008,0
1.669e-008,0
1.67e-008,0
1.671e-008,0
1.672e-008,0
1.673e-008,0
1.674e-008,0
1.675e-008,0
1.676e-008,0
1.677e-008,0
1.678e-008,0
1.679e-008,0
1.68e-008,0
1.681e-008,0
1.682e-008,0
1.683e-008,0
1.684e-008,0
1.685e-008,0
1.686e-008,0
1.687e-008,0
1.688e-008,0
1.689e-008,0
1.69e-008,0
1.691e-008,0
1.692e-008,0
1.693e-008,0
1.694e-008,0
1.695e-008,0
1.696e-008,0
1.697e-008,0
1.698e-008,0
1.699e-008,0
1.7e-008,0
1.701e-008,0
1.702e-008,0
1.703e-008,0
1.704e-008,0
1.705e-008,0
1.706e-008,0
1.707e-008,0
1.708e-008,0
1.709e-008,0
1.71e-008,0
1.711e-008,0
1.712e-008,0
1.713e-008,0
1.714e-008,0
1.715e-008,0
1.716e-008,0
1.717e-008,0
1.718e-008,0
1.719e-008,0
1.72e-008,0
1.721e-008,0
1.722e-008,0
1.723e-008,0
1.724e-008,0
1.725e-008,0
1.726e-008,0
1.727e-008,0
1.728e-008,0
1.729e-008,0
1.73e-008,0
1.731e-008,0
1.732e-008,0
1.733e-008,0
1.734e-008,0
1.735e-008,0
1.736e-008,0
1.737e-008,0
1.738e-008,0
1.739e-008,0
1.74e-008,0
1.741e-008,0
1.742e-008,0
1.743e-008,0
1.744e-008,0
1.745e-008,0
1.746e-008,0
1.747e-008,0
1.748e-008,0
1.749e-008,0
1.75e-008,0
1.751e-008,0
1.752e-008,0
1.753e-008,0
1.754e-008,0
1.755e-008,0
1.756e-008,0
1.757e-008,0
1.758e-008,0
1.759e-008,0
1.76e-008,0
1.761e-008,0
1.762e-008,0
1.763e-008,0
1.764e-008,0
1.765e-008,0
1.766e-008,0
1.767e-008,0
1.768e-008,0
1.769e-008,0
1.77e-008,0
1.771e-008,0
1.772e-008,0
1.773e-008,0
1.774e-008,0
1.775e-008,0
1.776e-008,0
1.777e-008,0
1.778e-008,0
1.779e-008,0
1.78e-008,0
1.781e-008,0
1.782e-008,0
1.783e-008,0
1.784e-008,0
1.785e-008,0
1.786e-008,0
1.787e-008,0
1.788e-008,0
1.789e-008,0
1.79e-008,0
1.791e-008,0
1.792e-008,0
1.793e-008,0
1.794e-008,0
1.795e-008,0
1.796e-008,0
1.797e-008,0
1.798e-008,0
1.799e-008,0
1.8e-008,0
1.801e-008,0
1.802e-008,0
1.803e-008,0
1.804e-008,0
1.805e-008,0
1.806e-008,0
1.807e-008,0
1.808e-008,0
1.809e-008,0
1.81e-008,0
1.811e-008,0
1.812e-008,0
1.813e-008,0
1.814e-008,0
1.815e-008,0
1.816e-008,0
1.817e-008,0
1.818e-008,0
1.819e-008,0
1.82e-008,0
1.821e-008,0
1.822e-008,0
1.823e-008,0
1.824e-008,0
1.825e-008,0
1.826e-008,0
1.827e-008,0
1.828e-008,0
1.829e-008,0
1.83e-008,0
1.831e-008,0
1.832e-008,0
1.833e-008,0
1.834e-008,0
1.835e-008,0
1.836e-008,0
1.837e-008,0
1.838e-008,0
1.839e-008,0
1.84e-008,0
1.841e-008,0
1.842e-008,0
1.843e-008,0
1.844e-008,0
1.845e-008,0
1.846e-008,0
1.847e-008,0
1.848e-008,0
1.849e-008,0
1.85e-008,0
1.851e-008,0
1.852e-008,0
1.853e-008,0
1.854e-008,0
1.855e-008,0
1.856e-008,0
1.857e-008,0
1.858e-008,0
1.859e-008,0
1.86e-008,0
1.861e-008,0
1.862e-008,0
1.863e-008,0
1.864e-008,0
1.865e-008,0
1.866e-008,0
1.867e-008,0
1.868e-008,0
1.869e-008,0
1.87e-008,0
1.871e-008,0
1.872e-008,0
1.873e-008,0
1.874e-008,0
1.875e-008,0
1.876e-008,0
1.877e-008,0
1.878e-008,0
1.879e-008,0
1.88e-008,0
1.881e-008,0
1.882e-008,0
1.883e-008,0
1.884e-008,0
1.885e-008,0
1.886e-008,0
1.887e-008,0
1.888e-008,0
1.889e-008,0
1.89e-008,0
1.891e-008,0
1.892e-008,0
1.893e-008,0
1.894e-008,0
1.895e-008,0
1.896e-008,0
1.897e-008,0
1.898e-008,0
1.899e-008,0
1.9e-008,0
1.901e-008,0
1.902e-008,0
1.903e-008,0
1.904e-008,0
1.905e-008,0
1.906e-008,0
1.907e-008,0
1.908e-008,0
1.909e-008,0
1.91e-008,0
1.911e-008,0
1.912e-008,0
1.913e-008,0
1.914e-008,0
1.915e-008,0
1.916e-008,0
1.917e-008,0
1.918e-008,0
1.919e-008,0
1.92e-008,0
1.921e-008,0
1.922e-008,0
1.923e-008,0
1.924e-008,0
1.925e-008,0
1.926e-008,0
1.927e-008,0
1.928e-008,0
1.929e-008,0
1.93e-008,0
1.931e-008,0
1.932e-008,0
1.933e-008,0
1.934e-008,0
1.935e-008,0
1.936e-008,0
1.937e-008,0
1.938e-008,0
1.939e-008,0
1.94e-008,0
1.941e-008,0
1.942e-008,0
1.943e-008,0
1.944e-008,0
1.945e-008,0
1.946e-008,0
1.947e-008,0
1.948e-008,0
1.949e-008,0
1.95e-008,0
1.951e-008,0
1.952e-008,0
1.953e-008,0
1.954e-008,0
1.955e-008,0
1.956e-008,0
1.957e-008,0
1.958e-008,0
1.959e-008,0
1.96e-008,0
1.961e-008,0
1.962e-008,0
1.963e-008,0
1.964e-008,0
1.965e-008,0
1.966e-008,0
1.967e-008,0
1.968e-008,0
1.969e-008,0
1.97e-008,0
1.971e-008,0
1.972e-008,0
1.973e-008,0
1.974e-008,0
1.975e-008,0
1.976e-008,0
1.977e-008,0
1.978e-008,0
1.979e-008,0
1.98e-008,0
1.981e-008,0
1.982e-008,0
1.983e-008,0
1.984e-008,0
1.985e-008,0
1.986e-008,0
1.987e-008,0
1.988e-008,0
1.989e-008,0
1.99e-008,0
1.991e-008,0
1.992e-008,0
1.993e-008,0
1.994e-008,0
1.995e-008,0
1.996e-008,0
1.997e-008,0
1.998e-008,0
1.999e-008,0
2e-008,0
2.001e-008,0
2.002e-008,0
2.003e-008,0
2.004e-008,0
2.005e-008,0
2.006e-008,0
2.007e-008,0
2.008e-008,0
2.009e-008,0
2.01e-008,0
2.011e-008,0
2.012e-008,0
2.013e-008,0
2.014e-008,0
2.015e-008,0
2.016e-008,0
2.017e-008,0
2.018e-008,0
2.019e-008,0
2.02e-008,0
2.021e-008,0
2.022e-008,0
2.023e-008,0
2.024e-008,0
2.025e-008,0
2.026e-008,0
2.027e-008,0
2.028e-008,0
2.029e-008,0
2.03e-008,0
2.031e-008,0
2.032e-008,0
2.033e-008,0
2.034e-008,0
2.035e-008,0
2.036e-008,0
2.037e-008,0
2.038e-008,0
2.039e-008,0
2.04e-008,0
2.041e-008,0
2.042e-008,0
2.043e-008,0
2.044e-008,0
2.045e-008,0
2.046e-008,0
2.047e-008,0
2.048e-008,0
2.049e-008,0
2.05e-008,0
2.051e-008,0
2.052e-008,0
2.053e-008,0
2.054e-008,0
2.055e-008,0
2.056e-008,0
2.057e-008,0
2.058e-008,0
2.059e-008,0
2.06e-008,0
2.061e-008,0
2.062e-008,0
2.063e-008,0
2.064e-008,0
2.065e-008,0
2.066e-008,0
2.067e-008,0
2.068e-008,0
2.069e-008,0
2.07e-008,0
2.071e-008,0
2.072e-008,0
2.073e-008,0
2.074e-008,0
2.075e-008,0
2.076e-008,0
2.077e-008,0
2.078e-008,0
2.079e-008,0
2.08e-008,0
2.081e-008,0
2.082e-008,0
2.083e-008,0
2.084e-008,0
2.085e-008,0
2.086e-008,0
2.087e-008,0
2.088e-008,0
2.089e-008,0
2.09e-008,0
2.091e-008,0
2.092e-008,0
2.093e-008,0
2.094e-008,0
2.095e-008,0
2.096e-008,0
2.097e-008,0
2.098e-008,0
2.099e-008,0
2.1e-008,0
2.101e-008,0
2.102e-008,0
2.103e-008,0
2.104e-008,0
2.105e-008,0
2.106e-008,0
2.107e-008,0
2.108e-008,0
2.109e-008,0
2.11e-008,0
2.111e-008,0
2.112e-008,0
2.113e-008,0
2.114e-008,0
2.115e-008,0
2.116e-008,0
2.117e-008,0
2.118e-008,0
2.119e-008,0
2.12e-008,0
2.121e-008,0
2.122e-008,0
2.123e-008,0
2.124e-008,0
2.125e-008,0
2.126e-008,0
2.127e-008,0
2.128e-008,0
2.129e-008,0
2.13e-008,0
2.131e-008,0
2.132e-008,0
2.133e-008,0
2.134e-008,0
2.135e-008,0
2.136e-008,0
2.137e-008,0
2.138e-008,0
2.139e-008,0
2.14e-008,0
2.141e-008,0
2.142e-008,0
2.143e-008,0
2.144e-008,0
2.145e-008,0
2.146e-008,0
2.147e-008,0
2.148e-008,0
2.149e-008,0
2.15e-008,0
2.151e-008,0
2.152e-008,0
2.153e-008,0
2.154e-008,0
2.155e-008,0
2.156e-008,0
2.157e-008,0
2.158e-008,0
2.159e-008,0
2.16e-008,0
2.161e-008,0
2.162e-008,0
2.163e-008,0
2.164e-008,0
2.165e-008,0
2.166e-008,0
2.167e-008,0
2.168e-008,0
2.169e-008,0
2.17e-008,0
2.171e-008,0
2.172e-008,0
2.173e-008,0
2.174e-008,0
2.175e-008,0
2.176e-008,0
2.177e-008,0
2.178e-008,0
2.179e-008,0
2.18e-008,0
2.181e-008,0
2.182e-008,0
2.183e-008,0
2.184e-008,0
2.185e-008,0
2.186e-008,0
2.187e-008,0
2.188e-008,0
2.189e-008,0
2.19e-008,0
2.191e-008,0
2.192e-008,0
2.193e-008,0
2.194e-008,0
2.195e-008,0
2.196e-008,0
2.197e-008,0
2.198e-008,0
2.199e-008,0
2.2e-008,0
2.201e-008,0
2.202e-008,0
2.203e-008,0
2.204e-008,0
2.205e-008,0
2.206e-008,0
2.207e-008,0
2.208e-008,0
2.209e-008,0
2.21e-008,0
2.211e-008,0
2.212e-008,0
2.213e-008,0
2.214e-008,0
2.215e-008,0
2.216e-008,0
2.217e-008,0
2.218e-008,0
2.219e-008,0
2.22e-008,0
2.221e-008,0
2.222e-008,0
2.223e-008,0
2.224e-008,0
2.225e-008,0
2.226e-008,0
2.227e-008,0
2.228e-008,0
2.229e-008,0
2.23e-008,0
2.231e-008,0
2.232e-008,0
2.233e-008,0
2.234e-008,0
2.235e-008,0
2.236e-008,0
2.237e-008,0
2.238e-008,0
2.239e-008,0
2.24e-008,0
2.241e-008,0
2.242e-008,0
2.243e-008,0
2.244e-008,0
2.245e-008,0
2.246e-008,0
2.247e-008,0
2.248e-008,0
2.249e-008,0
2.25e-008,0
2.251e-008,0
2.252e-008,0
2.253e-008,0
2.254e-008,0
2.255e-008,0
2.256e-008,0
2.257e-008,0
2.258e-008,0
2.259e-008,0
2.26e-008,0
2.261e-008,0
2.262e-008,0
2.263e-008,0
2.264e-008,0
2.265e-008,0
2.266e-008,0
2.267e-008,0
2.268e-008,0
2.269e-008,0
2.27e-008,0
2.271e-008,0
2.272e-008,0
2.273e-008,0
2.274e-008,0
2.275e-008,0
2.276e-008,0
2.277e-008,0
2.278e-008,0
2.279e-008,0
2.28e-008,0
2.281e-008,0
2.282e-008,0
2.283e-008,0
2.284e-008,0
2.285e-008,0
2.286e-008,0
2.287e-008,0
2.288e-008,0
2.289e-008,0
2.29e-008,0
2.291e-008,0
2.292e-008,0
2.293e-008,0
2.294e-008,0
2.295e-008,0
2.296e-008,0
2.297e-008,0
2.298e-008,0
2.299e-008,0
2.3e-008,0
2.301e-008,0
2.302e-008,0
2.303e-008,0
2.304e-008,0
2.305e-008,0
2.306e-008,0
2.307e-008,0
2.308e-008,0
2.309e-008,0
2.31e-008,0
2.311e-008,0
2.312e-008,0
2.313e-008,0
2.314e-008,0
2.315e-008,0
2.316e-008,0
2.317e-008,0
2.318e-008,0
2.319e-008,0
2.32e-008,0
2.321e-008,0
2.322e-008,0
2.323e-008,0
2.324e-008,0
2.325e-008,0
2.326e-008,0
2.327e-008,0
2.328e-008,0
2.329e-008,0
2.33e-008,0
2.331e-008,0
2.332e-008,0
2.333e-008,0
2.334e-008,0
2.335e-008,0
2.336e-008,0
2.337e-008,0
2.338e-008,0
2.339e-008,0
2.34e-008,0
2.341e-008,0
2.342e-008,0
2.343e-008,0
2.344e-008,0
2.345e-008,0
2.346e-008,0
2.347e-008,0
2.348e-008,0
2.349e-008,0
2.35e-008,0
2.351e-008,0
2.352e-008,0
2.353e-008,0
2.354e-008,0
2.355e-008,0
2.356e-008,0
2.357e-008,0
2.358e-008,0
2.359e-008,0
2.36e-008,0
2.361e-008,0
2.362e-008,0
2.363e-008,0
2.364e-008,0
2.365e-008,0
2.366e-008,0
2.367e-008,0
2.368e-008,0
2.369e-008,0
2.37e-008,0
2.371e-008,0
2.372e-008,0
2.373e-008,0
2.374e-008,0
2.375e-008,0
2.376e-008,0
2.377e-008,0
2.378e-008,0
2.379e-008,0
2.38e-008,0
2.381e-008,0
2.382e-008,0
2.383e-008,0
2.384e-008,0
2.385e-008,0
2.386e-008,0
2.387e-008,0
2.388e-008,0
2.389e-008,0
2.39e-008,0
2.391e-008,0
2.392e-008,0
2.393e-008,0
2.394e-008,0
2.395e-008,0
2.396e-008,0
2.397e-008,0
2.398e-008,0
2.399e-008,0
2.4e-008,0
2.401e-008,0
2.402e-008,0
2.403e-008,0
2.404e-008,0
2.405e-008,0
2.406e-008,0
2.407e-008,0
2.408e-008,0
2.409e-008,0
2.41e-008,0
2.411e-008,0
2.412e-008,0
2.413e-008,0
2.414e-008,0
2.415e-008,0
2.416e-008,0
2.417e-008,0
2.418e-008,0
2.419e-008,0
2.42e-008,0
2.421e-008,0
2.422e-008,0
2.423e-008,0
2.424e-008,0
2.425e-008,0
2.426e-008,0
2.427e-008,0
2.428e-008,0
2.429e-008,0
2.43e-008,0
2.431e-008,0
2.432e-008,0
2.433e-008,0
2.434e-008,0
2.435e-008,0
2.436e-008,0
2.437e-008,0
2.438e-008,0
2.439e-008,0
2.44e-008,0
2.441e-008,0
2.442e-008,0
2.443e-008,0
2.444e-008,0
2.445e-008,0
2.446e-008,0
2.447e-008,0
2.448e-008,0
2.449e-008,0
2.45e-008,0
2.451e-008,0
2.452e-008,0
2.453e-008,0
2.454e-008,0
2.455e-008,0
2.456e-008,0
2.457e-008,0
2.458e-008,0
2.459e-008,0
2.46e-008,0
2.461e-008,0
2.462e-008,0
2.463e-008,0
2.464e-008,0
2.465e-008,0
2.466e-008,0
2.467e-008,0
2.468e-008,0
2.469e-008,0
2.47e-008,0
2.471e-008,0
2.472e-008,0
2.473e-008,0
2.474e-008,0
2.475e-008,0
2.476e-008,0
2.477e-008,0
2.478e-008,0
2.479e-008,0
2.48e-008,0
2.481e-008,0
2.482e-008,0
2.483e-008,0
2.484e-008,0
2.485e-008,0
2.486e-008,0
2.487e-008,0
2.488e-008,0
2.489e-008,0
2.49e-008,0
2.491e-008,0
2.492e-008,0
2.493e-008,0
2.494e-008,0
2.495e-008,0
2.496e-008,0
2.497e-008,0
2.498e-008,0
2.499e-008,0
