LECROYWaveRunnerøP,20728,Histogram
Segments,1,SegmentSize,5000
Segment,TrigTime,TimeSinceSegment1
#1,26-May-2017 07:59:42,0                 
Time,Ampl
-4.5e-008,0
-4.499e-008,0
-4.498e-008,31
-4.497e-008,206
-4.496e-008,458
-4.495e-008,572
-4.494e-008,564
-4.493e-008,545
-4.492e-008,530
-4.491e-008,585
-4.49e-008,592
-4.489e-008,535
-4.488e-008,577
-4.487e-008,576
-4.486e-008,559
-4.485e-008,566
-4.484e-008,554
-4.483e-008,552
-4.482e-008,557
-4.481e-008,590
-4.48e-008,550
-4.479e-008,553
-4.478e-008,561
-4.477e-008,563
-4.476e-008,551
-4.475e-008,523
-4.474e-008,569
-4.473e-008,561
-4.472e-008,575
-4.471e-008,546
-4.47e-008,549
-4.469e-008,515
-4.468e-008,612
-4.467e-008,536
-4.466e-008,555
-4.465e-008,570
-4.464e-008,530
-4.463e-008,567
-4.462e-008,559
-4.461e-008,555
-4.46e-008,539
-4.459e-008,513
-4.458e-008,527
-4.457e-008,552
-4.456e-008,521
-4.455e-008,569
-4.454e-008,552
-4.453e-008,590
-4.452e-008,586
-4.451e-008,563
-4.45e-008,559
-4.449e-008,519
-4.448e-008,546
-4.447e-008,542
-4.446e-008,556
-4.445e-008,587
-4.444e-008,566
-4.443e-008,538
-4.442e-008,526
-4.441e-008,552
-4.44e-008,540
-4.439e-008,552
-4.438e-008,544
-4.437e-008,568
-4.436e-008,566
-4.435e-008,548
-4.434e-008,592
-4.433e-008,523
-4.432e-008,523
-4.431e-008,564
-4.43e-008,536
-4.429e-008,546
-4.428e-008,593
-4.427e-008,566
-4.426e-008,518
-4.425e-008,598
-4.424e-008,545
-4.423e-008,584
-4.422e-008,569
-4.421e-008,552
-4.42e-008,583
-4.419e-008,532
-4.418e-008,524
-4.417e-008,623
-4.416e-008,577
-4.415e-008,555
-4.414e-008,562
-4.413e-008,566
-4.412e-008,590
-4.411e-008,575
-4.41e-008,504
-4.409e-008,584
-4.408e-008,554
-4.407e-008,564
-4.406e-008,582
-4.405e-008,542
-4.404e-008,585
-4.403e-008,590
-4.402e-008,552
-4.401e-008,592
-4.4e-008,512
-4.399e-008,547
-4.398e-008,585
-4.397e-008,551
-4.396e-008,517
-4.395e-008,572
-4.394e-008,547
-4.393e-008,539
-4.392e-008,569
-4.391e-008,563
-4.39e-008,555
-4.389e-008,591
-4.388e-008,568
-4.387e-008,601
-4.386e-008,515
-4.385e-008,580
-4.384e-008,572
-4.383e-008,538
-4.382e-008,566
-4.381e-008,528
-4.38e-008,570
-4.379e-008,544
-4.378e-008,574
-4.377e-008,548
-4.376e-008,588
-4.375e-008,550
-4.374e-008,531
-4.373e-008,544
-4.372e-008,559
-4.371e-008,516
-4.37e-008,558
-4.369e-008,545
-4.368e-008,581
-4.367e-008,516
-4.366e-008,572
-4.365e-008,555
-4.364e-008,581
-4.363e-008,572
-4.362e-008,565
-4.361e-008,544
-4.36e-008,559
-4.359e-008,543
-4.358e-008,558
-4.357e-008,582
-4.356e-008,594
-4.355e-008,526
-4.354e-008,564
-4.353e-008,557
-4.352e-008,560
-4.351e-008,600
-4.35e-008,538
-4.349e-008,538
-4.348e-008,564
-4.347e-008,571
-4.346e-008,558
-4.345e-008,589
-4.344e-008,581
-4.343e-008,597
-4.342e-008,555
-4.341e-008,563
-4.34e-008,575
-4.339e-008,572
-4.338e-008,559
-4.337e-008,577
-4.336e-008,595
-4.335e-008,590
-4.334e-008,615
-4.333e-008,557
-4.332e-008,601
-4.331e-008,588
-4.33e-008,565
-4.329e-008,597
-4.328e-008,607
-4.327e-008,621
-4.326e-008,626
-4.325e-008,635
-4.324e-008,592
-4.323e-008,594
-4.322e-008,581
-4.321e-008,605
-4.32e-008,638
-4.319e-008,574
-4.318e-008,576
-4.317e-008,582
-4.316e-008,635
-4.315e-008,589
-4.314e-008,588
-4.313e-008,596
-4.312e-008,638
-4.311e-008,594
-4.31e-008,632
-4.309e-008,585
-4.308e-008,601
-4.307e-008,590
-4.306e-008,599
-4.305e-008,629
-4.304e-008,549
-4.303e-008,609
-4.302e-008,623
-4.301e-008,582
-4.3e-008,616
-4.299e-008,592
-4.298e-008,602
-4.297e-008,597
-4.296e-008,579
-4.295e-008,562
-4.294e-008,562
-4.293e-008,572
-4.292e-008,572
-4.291e-008,536
-4.29e-008,632
-4.289e-008,589
-4.288e-008,568
-4.287e-008,569
-4.286e-008,620
-4.285e-008,591
-4.284e-008,566
-4.283e-008,553
-4.282e-008,632
-4.281e-008,595
-4.28e-008,537
-4.279e-008,593
-4.278e-008,556
-4.277e-008,569
-4.276e-008,588
-4.275e-008,571
-4.274e-008,591
-4.273e-008,578
-4.272e-008,544
-4.271e-008,576
-4.27e-008,538
-4.269e-008,550
-4.268e-008,558
-4.267e-008,606
-4.266e-008,616
-4.265e-008,592
-4.264e-008,591
-4.263e-008,600
-4.262e-008,567
-4.261e-008,570
-4.26e-008,604
-4.259e-008,597
-4.258e-008,544
-4.257e-008,602
-4.256e-008,562
-4.255e-008,600
-4.254e-008,609
-4.253e-008,633
-4.252e-008,606
-4.251e-008,604
-4.25e-008,576
-4.249e-008,606
-4.248e-008,590
-4.247e-008,611
-4.246e-008,566
-4.245e-008,615
-4.244e-008,574
-4.243e-008,548
-4.242e-008,550
-4.241e-008,607
-4.24e-008,598
-4.239e-008,566
-4.238e-008,551
-4.237e-008,589
-4.236e-008,586
-4.235e-008,622
-4.234e-008,569
-4.233e-008,603
-4.232e-008,608
-4.231e-008,598
-4.23e-008,609
-4.229e-008,598
-4.228e-008,622
-4.227e-008,600
-4.226e-008,589
-4.225e-008,618
-4.224e-008,588
-4.223e-008,604
-4.222e-008,628
-4.221e-008,592
-4.22e-008,616
-4.219e-008,603
-4.218e-008,597
-4.217e-008,550
-4.216e-008,578
-4.215e-008,589
-4.214e-008,577
-4.213e-008,596
-4.212e-008,590
-4.211e-008,608
-4.21e-008,613
-4.209e-008,543
-4.208e-008,601
-4.207e-008,655
-4.206e-008,613
-4.205e-008,560
-4.204e-008,590
-4.203e-008,632
-4.202e-008,576
-4.201e-008,595
-4.2e-008,589
-4.199e-008,597
-4.198e-008,593
-4.197e-008,591
-4.196e-008,598
-4.195e-008,635
-4.194e-008,592
-4.193e-008,601
-4.192e-008,597
-4.191e-008,602
-4.19e-008,623
-4.189e-008,601
-4.188e-008,544
-4.187e-008,538
-4.186e-008,552
-4.185e-008,579
-4.184e-008,587
-4.183e-008,612
-4.182e-008,583
-4.181e-008,578
-4.18e-008,603
-4.179e-008,598
-4.178e-008,613
-4.177e-008,591
-4.176e-008,573
-4.175e-008,583
-4.174e-008,580
-4.173e-008,586
-4.172e-008,574
-4.171e-008,577
-4.17e-008,612
-4.169e-008,591
-4.168e-008,596
-4.167e-008,605
-4.166e-008,602
-4.165e-008,591
-4.164e-008,573
-4.163e-008,580
-4.162e-008,601
-4.161e-008,644
-4.16e-008,612
-4.159e-008,607
-4.158e-008,592
-4.157e-008,566
-4.156e-008,615
-4.155e-008,600
-4.154e-008,636
-4.153e-008,611
-4.152e-008,611
-4.151e-008,618
-4.15e-008,635
-4.149e-008,641
-4.148e-008,592
-4.147e-008,638
-4.146e-008,629
-4.145e-008,646
-4.144e-008,629
-4.143e-008,628
-4.142e-008,620
-4.141e-008,625
-4.14e-008,623
-4.139e-008,620
-4.138e-008,643
-4.137e-008,611
-4.136e-008,629
-4.135e-008,634
-4.134e-008,650
-4.133e-008,589
-4.132e-008,620
-4.131e-008,680
-4.13e-008,698
-4.129e-008,626
-4.128e-008,609
-4.127e-008,631
-4.126e-008,636
-4.125e-008,613
-4.124e-008,670
-4.123e-008,629
-4.122e-008,645
-4.121e-008,660
-4.12e-008,657
-4.119e-008,682
-4.118e-008,643
-4.117e-008,626
-4.116e-008,645
-4.115e-008,603
-4.114e-008,655
-4.113e-008,635
-4.112e-008,643
-4.111e-008,678
-4.11e-008,609
-4.109e-008,589
-4.108e-008,575
-4.107e-008,647
-4.106e-008,668
-4.105e-008,669
-4.104e-008,626
-4.103e-008,646
-4.102e-008,646
-4.101e-008,636
-4.1e-008,615
-4.099e-008,686
-4.098e-008,681
-4.097e-008,691
-4.096e-008,635
-4.095e-008,629
-4.094e-008,619
-4.093e-008,628
-4.092e-008,590
-4.091e-008,624
-4.09e-008,664
-4.089e-008,632
-4.088e-008,586
-4.087e-008,614
-4.086e-008,658
-4.085e-008,663
-4.084e-008,654
-4.083e-008,607
-4.082e-008,644
-4.081e-008,589
-4.08e-008,580
-4.079e-008,615
-4.078e-008,624
-4.077e-008,639
-4.076e-008,655
-4.075e-008,630
-4.074e-008,661
-4.073e-008,644
-4.072e-008,658
-4.071e-008,605
-4.07e-008,620
-4.069e-008,649
-4.068e-008,640
-4.067e-008,618
-4.066e-008,655
-4.065e-008,585
-4.064e-008,591
-4.063e-008,592
-4.062e-008,623
-4.061e-008,654
-4.06e-008,624
-4.059e-008,657
-4.058e-008,611
-4.057e-008,617
-4.056e-008,647
-4.055e-008,623
-4.054e-008,639
-4.053e-008,627
-4.052e-008,654
-4.051e-008,647
-4.05e-008,583
-4.049e-008,678
-4.048e-008,654
-4.047e-008,664
-4.046e-008,625
-4.045e-008,630
-4.044e-008,601
-4.043e-008,647
-4.042e-008,677
-4.041e-008,651
-4.04e-008,695
-4.039e-008,693
-4.038e-008,641
-4.037e-008,618
-4.036e-008,652
-4.035e-008,632
-4.034e-008,650
-4.033e-008,663
-4.032e-008,641
-4.031e-008,648
-4.03e-008,645
-4.029e-008,680
-4.028e-008,638
-4.027e-008,641
-4.026e-008,672
-4.025e-008,696
-4.024e-008,689
-4.023e-008,656
-4.022e-008,639
-4.021e-008,627
-4.02e-008,627
-4.019e-008,654
-4.018e-008,681
-4.017e-008,653
-4.016e-008,688
-4.015e-008,693
-4.014e-008,696
-4.013e-008,656
-4.012e-008,610
-4.011e-008,662
-4.01e-008,703
-4.009e-008,690
-4.008e-008,642
-4.007e-008,719
-4.006e-008,668
-4.005e-008,675
-4.004e-008,658
-4.003e-008,701
-4.002e-008,673
-4.001e-008,679
-4e-008,668
-3.999e-008,643
-3.998e-008,670
-3.997e-008,629
-3.996e-008,634
-3.995e-008,665
-3.994e-008,716
-3.993e-008,681
-3.992e-008,688
-3.991e-008,689
-3.99e-008,663
-3.989e-008,686
-3.988e-008,647
-3.987e-008,707
-3.986e-008,663
-3.985e-008,665
-3.984e-008,676
-3.983e-008,635
-3.982e-008,679
-3.981e-008,667
-3.98e-008,689
-3.979e-008,638
-3.978e-008,688
-3.977e-008,683
-3.976e-008,752
-3.975e-008,652
-3.974e-008,669
-3.973e-008,697
-3.972e-008,653
-3.971e-008,674
-3.97e-008,671
-3.969e-008,667
-3.968e-008,718
-3.967e-008,694
-3.966e-008,700
-3.965e-008,661
-3.964e-008,686
-3.963e-008,631
-3.962e-008,644
-3.961e-008,732
-3.96e-008,683
-3.959e-008,697
-3.958e-008,670
-3.957e-008,687
-3.956e-008,665
-3.955e-008,697
-3.954e-008,714
-3.953e-008,760
-3.952e-008,655
-3.951e-008,708
-3.95e-008,740
-3.949e-008,667
-3.948e-008,720
-3.947e-008,721
-3.946e-008,691
-3.945e-008,752
-3.944e-008,694
-3.943e-008,721
-3.942e-008,700
-3.941e-008,689
-3.94e-008,711
-3.939e-008,679
-3.938e-008,654
-3.937e-008,708
-3.936e-008,726
-3.935e-008,675
-3.934e-008,644
-3.933e-008,660
-3.932e-008,733
-3.931e-008,711
-3.93e-008,739
-3.929e-008,692
-3.928e-008,718
-3.927e-008,764
-3.926e-008,697
-3.925e-008,747
-3.924e-008,723
-3.923e-008,662
-3.922e-008,694
-3.921e-008,712
-3.92e-008,710
-3.919e-008,721
-3.918e-008,710
-3.917e-008,721
-3.916e-008,724
-3.915e-008,731
-3.914e-008,722
-3.913e-008,688
-3.912e-008,674
-3.911e-008,689
-3.91e-008,732
-3.909e-008,699
-3.908e-008,721
-3.907e-008,716
-3.906e-008,732
-3.905e-008,743
-3.904e-008,716
-3.903e-008,740
-3.902e-008,735
-3.901e-008,732
-3.9e-008,688
-3.899e-008,717
-3.898e-008,728
-3.897e-008,761
-3.896e-008,745
-3.895e-008,700
-3.894e-008,731
-3.893e-008,765
-3.892e-008,748
-3.891e-008,707
-3.89e-008,716
-3.889e-008,727
-3.888e-008,749
-3.887e-008,758
-3.886e-008,753
-3.885e-008,774
-3.884e-008,756
-3.883e-008,684
-3.882e-008,716
-3.881e-008,720
-3.88e-008,755
-3.879e-008,800
-3.878e-008,682
-3.877e-008,733
-3.876e-008,749
-3.875e-008,748
-3.874e-008,721
-3.873e-008,745
-3.872e-008,743
-3.871e-008,735
-3.87e-008,705
-3.869e-008,774
-3.868e-008,693
-3.867e-008,749
-3.866e-008,744
-3.865e-008,749
-3.864e-008,747
-3.863e-008,683
-3.862e-008,760
-3.861e-008,734
-3.86e-008,735
-3.859e-008,760
-3.858e-008,742
-3.857e-008,730
-3.856e-008,753
-3.855e-008,741
-3.854e-008,754
-3.853e-008,720
-3.852e-008,722
-3.851e-008,771
-3.85e-008,693
-3.849e-008,739
-3.848e-008,701
-3.847e-008,707
-3.846e-008,736
-3.845e-008,732
-3.844e-008,692
-3.843e-008,757
-3.842e-008,738
-3.841e-008,700
-3.84e-008,743
-3.839e-008,715
-3.838e-008,702
-3.837e-008,677
-3.836e-008,731
-3.835e-008,751
-3.834e-008,728
-3.833e-008,716
-3.832e-008,757
-3.831e-008,753
-3.83e-008,762
-3.829e-008,737
-3.828e-008,776
-3.827e-008,713
-3.826e-008,717
-3.825e-008,721
-3.824e-008,699
-3.823e-008,700
-3.822e-008,724
-3.821e-008,743
-3.82e-008,745
-3.819e-008,734
-3.818e-008,757
-3.817e-008,744
-3.816e-008,776
-3.815e-008,738
-3.814e-008,752
-3.813e-008,717
-3.812e-008,765
-3.811e-008,727
-3.81e-008,705
-3.809e-008,793
-3.808e-008,793
-3.807e-008,835
-3.806e-008,780
-3.805e-008,773
-3.804e-008,741
-3.803e-008,728
-3.802e-008,834
-3.801e-008,746
-3.8e-008,770
-3.799e-008,823
-3.798e-008,778
-3.797e-008,849
-3.796e-008,817
-3.795e-008,787
-3.794e-008,761
-3.793e-008,812
-3.792e-008,827
-3.791e-008,815
-3.79e-008,792
-3.789e-008,807
-3.788e-008,803
-3.787e-008,807
-3.786e-008,843
-3.785e-008,809
-3.784e-008,812
-3.783e-008,846
-3.782e-008,855
-3.781e-008,795
-3.78e-008,854
-3.779e-008,842
-3.778e-008,812
-3.777e-008,837
-3.776e-008,829
-3.775e-008,849
-3.774e-008,864
-3.773e-008,783
-3.772e-008,852
-3.771e-008,822
-3.77e-008,824
-3.769e-008,818
-3.768e-008,860
-3.767e-008,848
-3.766e-008,793
-3.765e-008,838
-3.764e-008,831
-3.763e-008,836
-3.762e-008,839
-3.761e-008,780
-3.76e-008,858
-3.759e-008,837
-3.758e-008,875
-3.757e-008,916
-3.756e-008,831
-3.755e-008,798
-3.754e-008,796
-3.753e-008,857
-3.752e-008,831
-3.751e-008,842
-3.75e-008,821
-3.749e-008,881
-3.748e-008,837
-3.747e-008,826
-3.746e-008,828
-3.745e-008,836
-3.744e-008,781
-3.743e-008,820
-3.742e-008,836
-3.741e-008,823
-3.74e-008,814
-3.739e-008,796
-3.738e-008,805
-3.737e-008,796
-3.736e-008,779
-3.735e-008,893
-3.734e-008,790
-3.733e-008,867
-3.732e-008,865
-3.731e-008,789
-3.73e-008,841
-3.729e-008,828
-3.728e-008,829
-3.727e-008,742
-3.726e-008,860
-3.725e-008,821
-3.724e-008,786
-3.723e-008,842
-3.722e-008,799
-3.721e-008,777
-3.72e-008,808
-3.719e-008,823
-3.718e-008,800
-3.717e-008,796
-3.716e-008,785
-3.715e-008,788
-3.714e-008,801
-3.713e-008,801
-3.712e-008,852
-3.711e-008,812
-3.71e-008,805
-3.709e-008,804
-3.708e-008,832
-3.707e-008,772
-3.706e-008,842
-3.705e-008,846
-3.704e-008,815
-3.703e-008,853
-3.702e-008,799
-3.701e-008,819
-3.7e-008,815
-3.699e-008,829
-3.698e-008,822
-3.697e-008,796
-3.696e-008,834
-3.695e-008,851
-3.694e-008,805
-3.693e-008,837
-3.692e-008,801
-3.691e-008,824
-3.69e-008,827
-3.689e-008,849
-3.688e-008,873
-3.687e-008,870
-3.686e-008,863
-3.685e-008,811
-3.684e-008,900
-3.683e-008,857
-3.682e-008,851
-3.681e-008,886
-3.68e-008,904
-3.679e-008,897
-3.678e-008,874
-3.677e-008,918
-3.676e-008,898
-3.675e-008,894
-3.674e-008,896
-3.673e-008,861
-3.672e-008,910
-3.671e-008,924
-3.67e-008,900
-3.669e-008,888
-3.668e-008,875
-3.667e-008,887
-3.666e-008,932
-3.665e-008,935
-3.664e-008,909
-3.663e-008,914
-3.662e-008,873
-3.661e-008,941
-3.66e-008,926
-3.659e-008,890
-3.658e-008,901
-3.657e-008,907
-3.656e-008,912
-3.655e-008,967
-3.654e-008,907
-3.653e-008,938
-3.652e-008,884
-3.651e-008,979
-3.65e-008,932
-3.649e-008,1029
-3.648e-008,921
-3.647e-008,1021
-3.646e-008,952
-3.645e-008,956
-3.644e-008,972
-3.643e-008,957
-3.642e-008,955
-3.641e-008,1029
-3.64e-008,921
-3.639e-008,951
-3.638e-008,938
-3.637e-008,984
-3.636e-008,944
-3.635e-008,995
-3.634e-008,1014
-3.633e-008,983
-3.632e-008,994
-3.631e-008,949
-3.63e-008,985
-3.629e-008,939
-3.628e-008,926
-3.627e-008,1030
-3.626e-008,945
-3.625e-008,945
-3.624e-008,961
-3.623e-008,967
-3.622e-008,990
-3.621e-008,1018
-3.62e-008,967
-3.619e-008,955
-3.618e-008,1001
-3.617e-008,913
-3.616e-008,976
-3.615e-008,974
-3.614e-008,948
-3.613e-008,984
-3.612e-008,911
-3.611e-008,956
-3.61e-008,953
-3.609e-008,963
-3.608e-008,959
-3.607e-008,946
-3.606e-008,955
-3.605e-008,935
-3.604e-008,931
-3.603e-008,947
-3.602e-008,999
-3.601e-008,1003
-3.6e-008,987
-3.599e-008,928
-3.598e-008,975
-3.597e-008,965
-3.596e-008,920
-3.595e-008,1002
-3.594e-008,956
-3.593e-008,987
-3.592e-008,903
-3.591e-008,941
-3.59e-008,905
-3.589e-008,942
-3.588e-008,900
-3.587e-008,976
-3.586e-008,892
-3.585e-008,957
-3.584e-008,956
-3.583e-008,957
-3.582e-008,903
-3.581e-008,966
-3.58e-008,946
-3.579e-008,915
-3.578e-008,975
-3.577e-008,964
-3.576e-008,972
-3.575e-008,981
-3.574e-008,995
-3.573e-008,993
-3.572e-008,936
-3.571e-008,994
-3.57e-008,965
-3.569e-008,912
-3.568e-008,941
-3.567e-008,970
-3.566e-008,1011
-3.565e-008,1015
-3.564e-008,931
-3.563e-008,1018
-3.562e-008,962
-3.561e-008,1024
-3.56e-008,1078
-3.559e-008,1002
-3.558e-008,999
-3.557e-008,946
-3.556e-008,1037
-3.555e-008,1001
-3.554e-008,1006
-3.553e-008,1042
-3.552e-008,1049
-3.551e-008,1047
-3.55e-008,1001
-3.549e-008,973
-3.548e-008,1068
-3.547e-008,1026
-3.546e-008,1109
-3.545e-008,1028
-3.544e-008,1057
-3.543e-008,1052
-3.542e-008,1070
-3.541e-008,1089
-3.54e-008,984
-3.539e-008,1065
-3.538e-008,1068
-3.537e-008,1072
-3.536e-008,1077
-3.535e-008,1057
-3.534e-008,1064
-3.533e-008,1082
-3.532e-008,1042
-3.531e-008,1037
-3.53e-008,1074
-3.529e-008,1067
-3.528e-008,1133
-3.527e-008,1103
-3.526e-008,1110
-3.525e-008,1047
-3.524e-008,1078
-3.523e-008,1091
-3.522e-008,1115
-3.521e-008,1119
-3.52e-008,1125
-3.519e-008,1081
-3.518e-008,1095
-3.517e-008,1069
-3.516e-008,1034
-3.515e-008,1145
-3.514e-008,1128
-3.513e-008,1130
-3.512e-008,1132
-3.511e-008,1116
-3.51e-008,1122
-3.509e-008,1110
-3.508e-008,1177
-3.507e-008,1112
-3.506e-008,1174
-3.505e-008,1165
-3.504e-008,1149
-3.503e-008,1074
-3.502e-008,1099
-3.501e-008,1136
-3.5e-008,1093
-3.499e-008,1103
-3.498e-008,1177
-3.497e-008,1149
-3.496e-008,1145
-3.495e-008,1106
-3.494e-008,1175
-3.493e-008,1167
-3.492e-008,1120
-3.491e-008,1089
-3.49e-008,1154
-3.489e-008,1110
-3.488e-008,1137
-3.487e-008,1132
-3.486e-008,1138
-3.485e-008,1126
-3.484e-008,1146
-3.483e-008,1107
-3.482e-008,1142
-3.481e-008,1114
-3.48e-008,1135
-3.479e-008,1152
-3.478e-008,1141
-3.477e-008,1117
-3.476e-008,1212
-3.475e-008,1143
-3.474e-008,1095
-3.473e-008,1178
-3.472e-008,1143
-3.471e-008,1171
-3.47e-008,1110
-3.469e-008,1118
-3.468e-008,1205
-3.467e-008,1174
-3.466e-008,1120
-3.465e-008,1190
-3.464e-008,1173
-3.463e-008,1117
-3.462e-008,1129
-3.461e-008,1171
-3.46e-008,1175
-3.459e-008,1186
-3.458e-008,1148
-3.457e-008,1164
-3.456e-008,1176
-3.455e-008,1134
-3.454e-008,1168
-3.453e-008,1154
-3.452e-008,1165
-3.451e-008,1207
-3.45e-008,1217
-3.449e-008,1161
-3.448e-008,1254
-3.447e-008,1168
-3.446e-008,1166
-3.445e-008,1206
-3.444e-008,1215
-3.443e-008,1253
-3.442e-008,1247
-3.441e-008,1124
-3.44e-008,1166
-3.439e-008,1211
-3.438e-008,1223
-3.437e-008,1143
-3.436e-008,1161
-3.435e-008,1179
-3.434e-008,1183
-3.433e-008,1205
-3.432e-008,1210
-3.431e-008,1248
-3.43e-008,1186
-3.429e-008,1163
-3.428e-008,1162
-3.427e-008,1195
-3.426e-008,1216
-3.425e-008,1269
-3.424e-008,1244
-3.423e-008,1155
-3.422e-008,1181
-3.421e-008,1259
-3.42e-008,1248
-3.419e-008,1213
-3.418e-008,1271
-3.417e-008,1235
-3.416e-008,1273
-3.415e-008,1263
-3.414e-008,1180
-3.413e-008,1210
-3.412e-008,1264
-3.411e-008,1166
-3.41e-008,1247
-3.409e-008,1269
-3.408e-008,1236
-3.407e-008,1272
-3.406e-008,1235
-3.405e-008,1271
-3.404e-008,1241
-3.403e-008,1283
-3.402e-008,1292
-3.401e-008,1279
-3.4e-008,1316
-3.399e-008,1269
-3.398e-008,1256
-3.397e-008,1338
-3.396e-008,1247
-3.395e-008,1295
-3.394e-008,1244
-3.393e-008,1280
-3.392e-008,1271
-3.391e-008,1264
-3.39e-008,1307
-3.389e-008,1310
-3.388e-008,1342
-3.387e-008,1270
-3.386e-008,1289
-3.385e-008,1396
-3.384e-008,1342
-3.383e-008,1307
-3.382e-008,1345
-3.381e-008,1309
-3.38e-008,1340
-3.379e-008,1284
-3.378e-008,1372
-3.377e-008,1323
-3.376e-008,1347
-3.375e-008,1270
-3.374e-008,1323
-3.373e-008,1321
-3.372e-008,1349
-3.371e-008,1300
-3.37e-008,1339
-3.369e-008,1304
-3.368e-008,1334
-3.367e-008,1373
-3.366e-008,1457
-3.365e-008,1332
-3.364e-008,1317
-3.363e-008,1325
-3.362e-008,1383
-3.361e-008,1369
-3.36e-008,1368
-3.359e-008,1431
-3.358e-008,1369
-3.357e-008,1409
-3.356e-008,1325
-3.355e-008,1312
-3.354e-008,1371
-3.353e-008,1399
-3.352e-008,1331
-3.351e-008,1331
-3.35e-008,1375
-3.349e-008,1410
-3.348e-008,1345
-3.347e-008,1343
-3.346e-008,1410
-3.345e-008,1395
-3.344e-008,1438
-3.343e-008,1418
-3.342e-008,1331
-3.341e-008,1365
-3.34e-008,1354
-3.339e-008,1450
-3.338e-008,1335
-3.337e-008,1399
-3.336e-008,1436
-3.335e-008,1412
-3.334e-008,1392
-3.333e-008,1383
-3.332e-008,1397
-3.331e-008,1429
-3.33e-008,1369
-3.329e-008,1393
-3.328e-008,1373
-3.327e-008,1465
-3.326e-008,1433
-3.325e-008,1426
-3.324e-008,1415
-3.323e-008,1421
-3.322e-008,1467
-3.321e-008,1414
-3.32e-008,1497
-3.319e-008,1384
-3.318e-008,1467
-3.317e-008,1454
-3.316e-008,1530
-3.315e-008,1433
-3.314e-008,1537
-3.313e-008,1433
-3.312e-008,1464
-3.311e-008,1456
-3.31e-008,1498
-3.309e-008,1503
-3.308e-008,1458
-3.307e-008,1474
-3.306e-008,1469
-3.305e-008,1424
-3.304e-008,1413
-3.303e-008,1531
-3.302e-008,1515
-3.301e-008,1508
-3.3e-008,1488
-3.299e-008,1483
-3.298e-008,1534
-3.297e-008,1473
-3.296e-008,1419
-3.295e-008,1456
-3.294e-008,1487
-3.293e-008,1508
-3.292e-008,1521
-3.291e-008,1510
-3.29e-008,1487
-3.289e-008,1537
-3.288e-008,1506
-3.287e-008,1509
-3.286e-008,1501
-3.285e-008,1587
-3.284e-008,1544
-3.283e-008,1599
-3.282e-008,1591
-3.281e-008,1494
-3.28e-008,1512
-3.279e-008,1541
-3.278e-008,1545
-3.277e-008,1477
-3.276e-008,1474
-3.275e-008,1463
-3.274e-008,1595
-3.273e-008,1490
-3.272e-008,1490
-3.271e-008,1576
-3.27e-008,1559
-3.269e-008,1472
-3.268e-008,1550
-3.267e-008,1544
-3.266e-008,1563
-3.265e-008,1544
-3.264e-008,1522
-3.263e-008,1577
-3.262e-008,1550
-3.261e-008,1582
-3.26e-008,1553
-3.259e-008,1553
-3.258e-008,1556
-3.257e-008,1559
-3.256e-008,1526
-3.255e-008,1531
-3.254e-008,1568
-3.253e-008,1537
-3.252e-008,1574
-3.251e-008,1615
-3.25e-008,1535
-3.249e-008,1597
-3.248e-008,1613
-3.247e-008,1572
-3.246e-008,1505
-3.245e-008,1614
-3.244e-008,1646
-3.243e-008,1602
-3.242e-008,1653
-3.241e-008,1572
-3.24e-008,1589
-3.239e-008,1613
-3.238e-008,1679
-3.237e-008,1629
-3.236e-008,1656
-3.235e-008,1674
-3.234e-008,1633
-3.233e-008,1628
-3.232e-008,1671
-3.231e-008,1696
-3.23e-008,1668
-3.229e-008,1625
-3.228e-008,1607
-3.227e-008,1709
-3.226e-008,1704
-3.225e-008,1631
-3.224e-008,1644
-3.223e-008,1612
-3.222e-008,1644
-3.221e-008,1683
-3.22e-008,1712
-3.219e-008,1738
-3.218e-008,1643
-3.217e-008,1694
-3.216e-008,1719
-3.215e-008,1673
-3.214e-008,1742
-3.213e-008,1661
-3.212e-008,1668
-3.211e-008,1747
-3.21e-008,1737
-3.209e-008,1723
-3.208e-008,1702
-3.207e-008,1810
-3.206e-008,1785
-3.205e-008,1767
-3.204e-008,1861
-3.203e-008,1774
-3.202e-008,1739
-3.201e-008,1835
-3.2e-008,1787
-3.199e-008,1834
-3.198e-008,1817
-3.197e-008,1826
-3.196e-008,1905
-3.195e-008,1829
-3.194e-008,1834
-3.193e-008,1798
-3.192e-008,1818
-3.191e-008,1826
-3.19e-008,1851
-3.189e-008,1884
-3.188e-008,1916
-3.187e-008,1881
-3.186e-008,1839
-3.185e-008,1834
-3.184e-008,1856
-3.183e-008,1875
-3.182e-008,1872
-3.181e-008,1871
-3.18e-008,1902
-3.179e-008,1884
-3.178e-008,1951
-3.177e-008,1872
-3.176e-008,1881
-3.175e-008,1931
-3.174e-008,1869
-3.173e-008,1855
-3.172e-008,1992
-3.171e-008,1875
-3.17e-008,1878
-3.169e-008,1917
-3.168e-008,1856
-3.167e-008,1899
-3.166e-008,1916
-3.165e-008,1867
-3.164e-008,1854
-3.163e-008,1905
-3.162e-008,1809
-3.161e-008,1857
-3.16e-008,1844
-3.159e-008,1889
-3.158e-008,1894
-3.157e-008,1862
-3.156e-008,1866
-3.155e-008,1969
-3.154e-008,1842
-3.153e-008,1890
-3.152e-008,1796
-3.151e-008,1942
-3.15e-008,1812
-3.149e-008,1915
-3.148e-008,1914
-3.147e-008,1771
-3.146e-008,1806
-3.145e-008,1887
-3.144e-008,1860
-3.143e-008,1871
-3.142e-008,1860
-3.141e-008,1906
-3.14e-008,1837
-3.139e-008,1857
-3.138e-008,1957
-3.137e-008,1812
-3.136e-008,1851
-3.135e-008,1818
-3.134e-008,1816
-3.133e-008,1966
-3.132e-008,1861
-3.131e-008,1876
-3.13e-008,1814
-3.129e-008,1884
-3.128e-008,1947
-3.127e-008,1908
-3.126e-008,1882
-3.125e-008,1877
-3.124e-008,1947
-3.123e-008,1965
-3.122e-008,1907
-3.121e-008,1915
-3.12e-008,1860
-3.119e-008,1888
-3.118e-008,1956
-3.117e-008,1835
-3.116e-008,1917
-3.115e-008,1905
-3.114e-008,1875
-3.113e-008,1840
-3.112e-008,1954
-3.111e-008,1846
-3.11e-008,1883
-3.109e-008,1936
-3.108e-008,2024
-3.107e-008,1940
-3.106e-008,1898
-3.105e-008,1920
-3.104e-008,1976
-3.103e-008,1913
-3.102e-008,1930
-3.101e-008,1975
-3.1e-008,2013
-3.099e-008,1968
-3.098e-008,1998
-3.097e-008,1982
-3.096e-008,2049
-3.095e-008,2148
-3.094e-008,2080
-3.093e-008,2102
-3.092e-008,2028
-3.091e-008,2025
-3.09e-008,2128
-3.089e-008,2097
-3.088e-008,2076
-3.087e-008,2104
-3.086e-008,2102
-3.085e-008,2083
-3.084e-008,2128
-3.083e-008,2179
-3.082e-008,2125
-3.081e-008,2162
-3.08e-008,2176
-3.079e-008,2148
-3.078e-008,2164
-3.077e-008,2240
-3.076e-008,2154
-3.075e-008,2224
-3.074e-008,2199
-3.073e-008,2188
-3.072e-008,2264
-3.071e-008,2261
-3.07e-008,2385
-3.069e-008,2225
-3.068e-008,2256
-3.067e-008,2179
-3.066e-008,2277
-3.065e-008,2304
-3.064e-008,2358
-3.063e-008,2374
-3.062e-008,2350
-3.061e-008,2338
-3.06e-008,2438
-3.059e-008,2418
-3.058e-008,2323
-3.057e-008,2383
-3.056e-008,2393
-3.055e-008,2392
-3.054e-008,2500
-3.053e-008,2377
-3.052e-008,2433
-3.051e-008,2433
-3.05e-008,2421
-3.049e-008,2460
-3.048e-008,2434
-3.047e-008,2448
-3.046e-008,2417
-3.045e-008,2377
-3.044e-008,2425
-3.043e-008,2460
-3.042e-008,2398
-3.041e-008,2418
-3.04e-008,2437
-3.039e-008,2387
-3.038e-008,2516
-3.037e-008,2421
-3.036e-008,2418
-3.035e-008,2332
-3.034e-008,2351
-3.033e-008,2471
-3.032e-008,2419
-3.031e-008,2415
-3.03e-008,2512
-3.029e-008,2383
-3.028e-008,2368
-3.027e-008,2376
-3.026e-008,2443
-3.025e-008,2379
-3.024e-008,2357
-3.023e-008,2306
-3.022e-008,2366
-3.021e-008,2336
-3.02e-008,2398
-3.019e-008,2303
-3.018e-008,2348
-3.017e-008,2248
-3.016e-008,2366
-3.015e-008,2337
-3.014e-008,2376
-3.013e-008,2213
-3.012e-008,2366
-3.011e-008,2296
-3.01e-008,2314
-3.009e-008,2297
-3.008e-008,2306
-3.007e-008,2293
-3.006e-008,2334
-3.005e-008,2302
-3.004e-008,2310
-3.003e-008,2326
-3.002e-008,2280
-3.001e-008,2299
-3e-008,2305
-2.999e-008,2259
-2.998e-008,2310
-2.997e-008,2248
-2.996e-008,2282
-2.995e-008,2306
-2.994e-008,2282
-2.993e-008,2354
-2.992e-008,2349
-2.991e-008,2329
-2.99e-008,2311
-2.989e-008,2394
-2.988e-008,2326
-2.987e-008,2331
-2.986e-008,2305
-2.985e-008,2314
-2.984e-008,2368
-2.983e-008,2271
-2.982e-008,2426
-2.981e-008,2340
-2.98e-008,2414
-2.979e-008,2292
-2.978e-008,2384
-2.977e-008,2404
-2.976e-008,2414
-2.975e-008,2337
-2.974e-008,2399
-2.973e-008,2416
-2.972e-008,2330
-2.971e-008,2388
-2.97e-008,2487
-2.969e-008,2480
-2.968e-008,2453
-2.967e-008,2443
-2.966e-008,2437
-2.965e-008,2576
-2.964e-008,2514
-2.963e-008,2525
-2.962e-008,2576
-2.961e-008,2577
-2.96e-008,2556
-2.959e-008,2501
-2.958e-008,2573
-2.957e-008,2559
-2.956e-008,2595
-2.955e-008,2639
-2.954e-008,2636
-2.953e-008,2604
-2.952e-008,2701
-2.951e-008,2621
-2.95e-008,2770
-2.949e-008,2770
-2.948e-008,2634
-2.947e-008,2794
-2.946e-008,2787
-2.945e-008,2665
-2.944e-008,2809
-2.943e-008,2704
-2.942e-008,2839
-2.941e-008,2850
-2.94e-008,2850
-2.939e-008,2834
-2.938e-008,2833
-2.937e-008,2906
-2.936e-008,2871
-2.935e-008,3083
-2.934e-008,2956
-2.933e-008,2974
-2.932e-008,2905
-2.931e-008,2915
-2.93e-008,2951
-2.929e-008,2978
-2.928e-008,3058
-2.927e-008,2993
-2.926e-008,2956
-2.925e-008,2970
-2.924e-008,3050
-2.923e-008,3084
-2.922e-008,3057
-2.921e-008,3096
-2.92e-008,3023
-2.919e-008,2989
-2.918e-008,2989
-2.917e-008,3023
-2.916e-008,2944
-2.915e-008,3033
-2.914e-008,3101
-2.913e-008,3051
-2.912e-008,3060
-2.911e-008,3039
-2.91e-008,3100
-2.909e-008,3106
-2.908e-008,3155
-2.907e-008,3060
-2.906e-008,3034
-2.905e-008,3056
-2.904e-008,3075
-2.903e-008,3135
-2.902e-008,3027
-2.901e-008,3063
-2.9e-008,3137
-2.899e-008,3028
-2.898e-008,3036
-2.897e-008,3067
-2.896e-008,2984
-2.895e-008,3103
-2.894e-008,3133
-2.893e-008,3017
-2.892e-008,3047
-2.891e-008,3034
-2.89e-008,3106
-2.889e-008,3063
-2.888e-008,2981
-2.887e-008,3100
-2.886e-008,3066
-2.885e-008,3109
-2.884e-008,3021
-2.883e-008,3089
-2.882e-008,3017
-2.881e-008,3008
-2.88e-008,2998
-2.879e-008,2980
-2.878e-008,2977
-2.877e-008,3046
-2.876e-008,3057
-2.875e-008,3093
-2.874e-008,3011
-2.873e-008,2979
-2.872e-008,2988
-2.871e-008,3041
-2.87e-008,2898
-2.869e-008,2984
-2.868e-008,2959
-2.867e-008,3006
-2.866e-008,2971
-2.865e-008,2936
-2.864e-008,2983
-2.863e-008,2879
-2.862e-008,2923
-2.861e-008,3020
-2.86e-008,2935
-2.859e-008,3011
-2.858e-008,2986
-2.857e-008,2919
-2.856e-008,2968
-2.855e-008,3052
-2.854e-008,2936
-2.853e-008,3005
-2.852e-008,3018
-2.851e-008,2942
-2.85e-008,2899
-2.849e-008,2905
-2.848e-008,2935
-2.847e-008,3049
-2.846e-008,2951
-2.845e-008,2995
-2.844e-008,3001
-2.843e-008,2994
-2.842e-008,3044
-2.841e-008,3184
-2.84e-008,3014
-2.839e-008,3022
-2.838e-008,3062
-2.837e-008,3124
-2.836e-008,3064
-2.835e-008,3141
-2.834e-008,3145
-2.833e-008,3189
-2.832e-008,3114
-2.831e-008,3076
-2.83e-008,3161
-2.829e-008,3135
-2.828e-008,3279
-2.827e-008,3296
-2.826e-008,3235
-2.825e-008,3283
-2.824e-008,3244
-2.823e-008,3192
-2.822e-008,3087
-2.821e-008,3307
-2.82e-008,3231
-2.819e-008,3261
-2.818e-008,3416
-2.817e-008,3293
-2.816e-008,3343
-2.815e-008,3310
-2.814e-008,3455
-2.813e-008,3390
-2.812e-008,3398
-2.811e-008,3406
-2.81e-008,3400
-2.809e-008,3398
-2.808e-008,3455
-2.807e-008,3456
-2.806e-008,3542
-2.805e-008,3498
-2.804e-008,3611
-2.803e-008,3549
-2.802e-008,3537
-2.801e-008,3628
-2.8e-008,3611
-2.799e-008,3504
-2.798e-008,3651
-2.797e-008,3547
-2.796e-008,3633
-2.795e-008,3667
-2.794e-008,3675
-2.793e-008,3719
-2.792e-008,3802
-2.791e-008,3687
-2.79e-008,3657
-2.789e-008,3783
-2.788e-008,3783
-2.787e-008,3701
-2.786e-008,3900
-2.785e-008,3816
-2.784e-008,3923
-2.783e-008,3763
-2.782e-008,3892
-2.781e-008,3822
-2.78e-008,3936
-2.779e-008,3918
-2.778e-008,3886
-2.777e-008,3929
-2.776e-008,3945
-2.775e-008,3834
-2.774e-008,3956
-2.773e-008,3854
-2.772e-008,4078
-2.771e-008,3989
-2.77e-008,4037
-2.769e-008,3913
-2.768e-008,3949
-2.767e-008,3972
-2.766e-008,3938
-2.765e-008,3966
-2.764e-008,3926
-2.763e-008,4046
-2.762e-008,4020
-2.761e-008,3891
-2.76e-008,3879
-2.759e-008,3880
-2.758e-008,4036
-2.757e-008,3974
-2.756e-008,3961
-2.755e-008,3964
-2.754e-008,4019
-2.753e-008,3847
-2.752e-008,3946
-2.751e-008,3880
-2.75e-008,3917
-2.749e-008,3841
-2.748e-008,3861
-2.747e-008,3818
-2.746e-008,3768
-2.745e-008,3891
-2.744e-008,3903
-2.743e-008,3853
-2.742e-008,3821
-2.741e-008,3864
-2.74e-008,3775
-2.739e-008,3879
-2.738e-008,3873
-2.737e-008,3819
-2.736e-008,3860
-2.735e-008,3904
-2.734e-008,3910
-2.733e-008,3771
-2.732e-008,3871
-2.731e-008,3852
-2.73e-008,3844
-2.729e-008,3816
-2.728e-008,4021
-2.727e-008,3826
-2.726e-008,3898
-2.725e-008,3806
-2.724e-008,3778
-2.723e-008,3824
-2.722e-008,3900
-2.721e-008,3844
-2.72e-008,3818
-2.719e-008,3854
-2.718e-008,3852
-2.717e-008,3877
-2.716e-008,3883
-2.715e-008,3902
-2.714e-008,3757
-2.713e-008,3950
-2.712e-008,3861
-2.711e-008,3992
-2.71e-008,3827
-2.709e-008,3884
-2.708e-008,3943
-2.707e-008,3980
-2.706e-008,4023
-2.705e-008,3973
-2.704e-008,3984
-2.703e-008,3938
-2.702e-008,3998
-2.701e-008,4043
-2.7e-008,3959
-2.699e-008,3976
-2.698e-008,3955
-2.697e-008,4115
-2.696e-008,3958
-2.695e-008,3993
-2.694e-008,4074
-2.693e-008,4109
-2.692e-008,4018
-2.691e-008,4067
-2.69e-008,4136
-2.689e-008,4019
-2.688e-008,4154
-2.687e-008,4153
-2.686e-008,4077
-2.685e-008,4206
-2.684e-008,4192
-2.683e-008,4087
-2.682e-008,4144
-2.681e-008,4216
-2.68e-008,4194
-2.679e-008,4222
-2.678e-008,4282
-2.677e-008,4292
-2.676e-008,4242
-2.675e-008,4262
-2.674e-008,4402
-2.673e-008,4392
-2.672e-008,4414
-2.671e-008,4491
-2.67e-008,4404
-2.669e-008,4450
-2.668e-008,4452
-2.667e-008,4425
-2.666e-008,4600
-2.665e-008,4659
-2.664e-008,4727
-2.663e-008,4694
-2.662e-008,4597
-2.661e-008,4535
-2.66e-008,4596
-2.659e-008,4686
-2.658e-008,4700
-2.657e-008,4666
-2.656e-008,4746
-2.655e-008,4657
-2.654e-008,4814
-2.653e-008,4801
-2.652e-008,4772
-2.651e-008,4827
-2.65e-008,4744
-2.649e-008,4663
-2.648e-008,4886
-2.647e-008,4998
-2.646e-008,4808
-2.645e-008,4771
-2.644e-008,5008
-2.643e-008,4748
-2.642e-008,4823
-2.641e-008,4945
-2.64e-008,4882
-2.639e-008,5025
-2.638e-008,4954
-2.637e-008,5031
-2.636e-008,4913
-2.635e-008,4944
-2.634e-008,5027
-2.633e-008,5043
-2.632e-008,4987
-2.631e-008,4963
-2.63e-008,5010
-2.629e-008,5012
-2.628e-008,5026
-2.627e-008,5067
-2.626e-008,4986
-2.625e-008,5252
-2.624e-008,5121
-2.623e-008,5002
-2.622e-008,4857
-2.621e-008,4906
-2.62e-008,5096
-2.619e-008,5017
-2.618e-008,4895
-2.617e-008,5042
-2.616e-008,4983
-2.615e-008,5049
-2.614e-008,5048
-2.613e-008,5108
-2.612e-008,5002
-2.611e-008,4924
-2.61e-008,4950
-2.609e-008,4992
-2.608e-008,4972
-2.607e-008,5062
-2.606e-008,4908
-2.605e-008,4964
-2.604e-008,4980
-2.603e-008,5001
-2.602e-008,5017
-2.601e-008,4932
-2.6e-008,5125
-2.599e-008,5005
-2.598e-008,4997
-2.597e-008,4976
-2.596e-008,5016
-2.595e-008,5002
-2.594e-008,5102
-2.593e-008,4928
-2.592e-008,4989
-2.591e-008,4878
-2.59e-008,5062
-2.589e-008,5022
-2.588e-008,4911
-2.587e-008,4966
-2.586e-008,5079
-2.585e-008,5058
-2.584e-008,5064
-2.583e-008,5030
-2.582e-008,4998
-2.581e-008,5054
-2.58e-008,5076
-2.579e-008,5017
-2.578e-008,5101
-2.577e-008,5091
-2.576e-008,5146
-2.575e-008,5155
-2.574e-008,5184
-2.573e-008,5184
-2.572e-008,5035
-2.571e-008,5143
-2.57e-008,5174
-2.569e-008,5196
-2.568e-008,5242
-2.567e-008,5271
-2.566e-008,5339
-2.565e-008,5209
-2.564e-008,5317
-2.563e-008,5247
-2.562e-008,5310
-2.561e-008,5258
-2.56e-008,5207
-2.559e-008,5222
-2.558e-008,5238
-2.557e-008,5280
-2.556e-008,5275
-2.555e-008,5318
-2.554e-008,5391
-2.553e-008,5417
-2.552e-008,5334
-2.551e-008,5345
-2.55e-008,5332
-2.549e-008,5425
-2.548e-008,5394
-2.547e-008,5482
-2.546e-008,5452
-2.545e-008,5287
-2.544e-008,5534
-2.543e-008,5445
-2.542e-008,5425
-2.541e-008,5561
-2.54e-008,5548
-2.539e-008,5689
-2.538e-008,5539
-2.537e-008,5603
-2.536e-008,5467
-2.535e-008,5681
-2.534e-008,5551
-2.533e-008,5657
-2.532e-008,5561
-2.531e-008,5620
-2.53e-008,5673
-2.529e-008,5593
-2.528e-008,5782
-2.527e-008,5714
-2.526e-008,5825
-2.525e-008,5791
-2.524e-008,5842
-2.523e-008,5651
-2.522e-008,5805
-2.521e-008,5803
-2.52e-008,5618
-2.519e-008,5839
-2.518e-008,5907
-2.517e-008,5952
-2.516e-008,5773
-2.515e-008,5805
-2.514e-008,6030
-2.513e-008,5859
-2.512e-008,6027
-2.511e-008,5826
-2.51e-008,6064
-2.509e-008,6083
-2.508e-008,5946
-2.507e-008,5951
-2.506e-008,6072
-2.505e-008,6065
-2.504e-008,6022
-2.503e-008,6140
-2.502e-008,6085
-2.501e-008,6215
-2.5e-008,5894
-2.499e-008,6172
-2.498e-008,6087
-2.497e-008,6110
-2.496e-008,6146
-2.495e-008,6127
-2.494e-008,6163
-2.493e-008,6154
-2.492e-008,6086
-2.491e-008,6113
-2.49e-008,6149
-2.489e-008,6361
-2.488e-008,6225
-2.487e-008,6213
-2.486e-008,6239
-2.485e-008,6211
-2.484e-008,6281
-2.483e-008,6392
-2.482e-008,6452
-2.481e-008,6343
-2.48e-008,6297
-2.479e-008,6435
-2.478e-008,6366
-2.477e-008,6429
-2.476e-008,6414
-2.475e-008,6449
-2.474e-008,6438
-2.473e-008,6486
-2.472e-008,6624
-2.471e-008,6608
-2.47e-008,6611
-2.469e-008,6536
-2.468e-008,6577
-2.467e-008,6631
-2.466e-008,6536
-2.465e-008,6577
-2.464e-008,6683
-2.463e-008,6724
-2.462e-008,6755
-2.461e-008,6676
-2.46e-008,6571
-2.459e-008,6842
-2.458e-008,6669
-2.457e-008,6855
-2.456e-008,6843
-2.455e-008,6828
-2.454e-008,6808
-2.453e-008,6840
-2.452e-008,6688
-2.451e-008,6725
-2.45e-008,6744
-2.449e-008,6845
-2.448e-008,7004
-2.447e-008,6649
-2.446e-008,6860
-2.445e-008,6901
-2.444e-008,6860
-2.443e-008,6900
-2.442e-008,6892
-2.441e-008,6736
-2.44e-008,6943
-2.439e-008,6746
-2.438e-008,6793
-2.437e-008,6797
-2.436e-008,7016
-2.435e-008,6901
-2.434e-008,7051
-2.433e-008,6870
-2.432e-008,6777
-2.431e-008,6891
-2.43e-008,6854
-2.429e-008,6933
-2.428e-008,6962
-2.427e-008,6819
-2.426e-008,6945
-2.425e-008,6955
-2.424e-008,7026
-2.423e-008,6978
-2.422e-008,6999
-2.421e-008,7032
-2.42e-008,6883
-2.419e-008,6919
-2.418e-008,6872
-2.417e-008,6964
-2.416e-008,6942
-2.415e-008,6917
-2.414e-008,6851
-2.413e-008,6837
-2.412e-008,6946
-2.411e-008,7017
-2.41e-008,6832
-2.409e-008,6811
-2.408e-008,6961
-2.407e-008,6988
-2.406e-008,6947
-2.405e-008,6814
-2.404e-008,6850
-2.403e-008,6888
-2.402e-008,6745
-2.401e-008,6779
-2.4e-008,6989
-2.399e-008,6904
-2.398e-008,6907
-2.397e-008,7006
-2.396e-008,7055
-2.395e-008,6883
-2.394e-008,6845
-2.393e-008,6912
-2.392e-008,7034
-2.391e-008,7022
-2.39e-008,7099
-2.389e-008,6897
-2.388e-008,7076
-2.387e-008,6999
-2.386e-008,7079
-2.385e-008,6992
-2.384e-008,7158
-2.383e-008,7027
-2.382e-008,7088
-2.381e-008,7003
-2.38e-008,7161
-2.379e-008,7167
-2.378e-008,7107
-2.377e-008,7255
-2.376e-008,7302
-2.375e-008,7020
-2.374e-008,7166
-2.373e-008,7333
-2.372e-008,7258
-2.371e-008,7305
-2.37e-008,7239
-2.369e-008,7473
-2.368e-008,7586
-2.367e-008,7337
-2.366e-008,7436
-2.365e-008,7497
-2.364e-008,7538
-2.363e-008,7737
-2.362e-008,7544
-2.361e-008,7716
-2.36e-008,7804
-2.359e-008,7697
-2.358e-008,7600
-2.357e-008,7697
-2.356e-008,7832
-2.355e-008,7883
-2.354e-008,8038
-2.353e-008,8074
-2.352e-008,8104
-2.351e-008,7935
-2.35e-008,7919
-2.349e-008,8241
-2.348e-008,8133
-2.347e-008,8082
-2.346e-008,8354
-2.345e-008,8291
-2.344e-008,8127
-2.343e-008,8427
-2.342e-008,8328
-2.341e-008,8377
-2.34e-008,8315
-2.339e-008,8339
-2.338e-008,8427
-2.337e-008,8481
-2.336e-008,8514
-2.335e-008,8583
-2.334e-008,8581
-2.333e-008,8661
-2.332e-008,8476
-2.331e-008,8822
-2.33e-008,8671
-2.329e-008,8556
-2.328e-008,8692
-2.327e-008,8699
-2.326e-008,8853
-2.325e-008,8842
-2.324e-008,8718
-2.323e-008,8647
-2.322e-008,8894
-2.321e-008,8718
-2.32e-008,8878
-2.319e-008,8850
-2.318e-008,9023
-2.317e-008,8776
-2.316e-008,8914
-2.315e-008,9012
-2.314e-008,8909
-2.313e-008,9079
-2.312e-008,8953
-2.311e-008,8874
-2.31e-008,8955
-2.309e-008,8672
-2.308e-008,8767
-2.307e-008,8912
-2.306e-008,8850
-2.305e-008,8940
-2.304e-008,9001
-2.303e-008,9023
-2.302e-008,8912
-2.301e-008,8879
-2.3e-008,8870
-2.299e-008,8716
-2.298e-008,8866
-2.297e-008,9034
-2.296e-008,8850
-2.295e-008,8750
-2.294e-008,8887
-2.293e-008,8839
-2.292e-008,8894
-2.291e-008,8705
-2.29e-008,8739
-2.289e-008,8785
-2.288e-008,8846
-2.287e-008,8795
-2.286e-008,8833
-2.285e-008,8717
-2.284e-008,8699
-2.283e-008,8811
-2.282e-008,8708
-2.281e-008,8676
-2.28e-008,8677
-2.279e-008,8612
-2.278e-008,8636
-2.277e-008,8715
-2.276e-008,8799
-2.275e-008,8744
-2.274e-008,8628
-2.273e-008,8520
-2.272e-008,8508
-2.271e-008,8739
-2.27e-008,8719
-2.269e-008,8624
-2.268e-008,8499
-2.267e-008,8614
-2.266e-008,8386
-2.265e-008,8552
-2.264e-008,8576
-2.263e-008,8546
-2.262e-008,8627
-2.261e-008,8581
-2.26e-008,8619
-2.259e-008,8877
-2.258e-008,8628
-2.257e-008,8830
-2.256e-008,8802
-2.255e-008,8591
-2.254e-008,8668
-2.253e-008,8653
-2.252e-008,8725
-2.251e-008,8615
-2.25e-008,8854
-2.249e-008,8847
-2.248e-008,8785
-2.247e-008,8972
-2.246e-008,9014
-2.245e-008,8995
-2.244e-008,9085
-2.243e-008,9151
-2.242e-008,8965
-2.241e-008,9017
-2.24e-008,9225
-2.239e-008,9336
-2.238e-008,9185
-2.237e-008,9124
-2.236e-008,9224
-2.235e-008,9390
-2.234e-008,9382
-2.233e-008,9319
-2.232e-008,9453
-2.231e-008,9391
-2.23e-008,9499
-2.229e-008,9571
-2.228e-008,9624
-2.227e-008,9652
-2.226e-008,9699
-2.225e-008,9727
-2.224e-008,9801
-2.223e-008,9904
-2.222e-008,9862
-2.221e-008,9904
-2.22e-008,10054
-2.219e-008,10063
-2.218e-008,10048
-2.217e-008,10110
-2.216e-008,10318
-2.215e-008,10195
-2.214e-008,10055
-2.213e-008,10234
-2.212e-008,10371
-2.211e-008,10510
-2.21e-008,10559
-2.209e-008,10442
-2.208e-008,10552
-2.207e-008,10672
-2.206e-008,10687
-2.205e-008,10804
-2.204e-008,10834
-2.203e-008,10845
-2.202e-008,10769
-2.201e-008,11050
-2.2e-008,10889
-2.199e-008,10866
-2.198e-008,11034
-2.197e-008,11001
-2.196e-008,11135
-2.195e-008,11030
-2.194e-008,11284
-2.193e-008,11207
-2.192e-008,11217
-2.191e-008,11277
-2.19e-008,11558
-2.189e-008,11360
-2.188e-008,11182
-2.187e-008,11343
-2.186e-008,11517
-2.185e-008,11550
-2.184e-008,11446
-2.183e-008,11305
-2.182e-008,11562
-2.181e-008,11380
-2.18e-008,11281
-2.179e-008,11452
-2.178e-008,11586
-2.177e-008,11513
-2.176e-008,11641
-2.175e-008,11387
-2.174e-008,11398
-2.173e-008,11409
-2.172e-008,11406
-2.171e-008,11256
-2.17e-008,11404
-2.169e-008,11233
-2.168e-008,11275
-2.167e-008,11575
-2.166e-008,11511
-2.165e-008,11428
-2.164e-008,11421
-2.163e-008,11515
-2.162e-008,11170
-2.161e-008,11368
-2.16e-008,11307
-2.159e-008,11379
-2.158e-008,11117
-2.157e-008,11344
-2.156e-008,11236
-2.155e-008,11063
-2.154e-008,11107
-2.153e-008,11089
-2.152e-008,10997
-2.151e-008,11085
-2.15e-008,11200
-2.149e-008,10889
-2.148e-008,11181
-2.147e-008,11097
-2.146e-008,10907
-2.145e-008,11106
-2.144e-008,11094
-2.143e-008,10848
-2.142e-008,10779
-2.141e-008,10753
-2.14e-008,10879
-2.139e-008,10916
-2.138e-008,10799
-2.137e-008,10941
-2.136e-008,10641
-2.135e-008,11039
-2.134e-008,10889
-2.133e-008,10836
-2.132e-008,10801
-2.131e-008,10864
-2.13e-008,10788
-2.129e-008,10669
-2.128e-008,10751
-2.127e-008,10856
-2.126e-008,10868
-2.125e-008,10926
-2.124e-008,10863
-2.123e-008,10925
-2.122e-008,10814
-2.121e-008,10819
-2.12e-008,10907
-2.119e-008,11092
-2.118e-008,11074
-2.117e-008,11069
-2.116e-008,11339
-2.115e-008,11106
-2.114e-008,11101
-2.113e-008,11063
-2.112e-008,11163
-2.111e-008,11145
-2.11e-008,11456
-2.109e-008,11257
-2.108e-008,11430
-2.107e-008,11509
-2.106e-008,11545
-2.105e-008,11573
-2.104e-008,11475
-2.103e-008,11676
-2.102e-008,11787
-2.101e-008,11898
-2.1e-008,11921
-2.099e-008,11991
-2.098e-008,12073
-2.097e-008,12035
-2.096e-008,12243
-2.095e-008,12338
-2.094e-008,12252
-2.093e-008,12469
-2.092e-008,12450
-2.091e-008,12637
-2.09e-008,12682
-2.089e-008,12806
-2.088e-008,12727
-2.087e-008,12784
-2.086e-008,12814
-2.085e-008,12901
-2.084e-008,12978
-2.083e-008,12983
-2.082e-008,13036
-2.081e-008,13247
-2.08e-008,13097
-2.079e-008,13416
-2.078e-008,13335
-2.077e-008,13368
-2.076e-008,13484
-2.075e-008,13566
-2.074e-008,13516
-2.073e-008,13626
-2.072e-008,13696
-2.071e-008,13855
-2.07e-008,13942
-2.069e-008,13715
-2.068e-008,13908
-2.067e-008,13590
-2.066e-008,13861
-2.065e-008,13794
-2.064e-008,14044
-2.063e-008,13932
-2.062e-008,14104
-2.061e-008,14037
-2.06e-008,14158
-2.059e-008,14315
-2.058e-008,14260
-2.057e-008,14137
-2.056e-008,14231
-2.055e-008,14219
-2.054e-008,14207
-2.053e-008,14458
-2.052e-008,14193
-2.051e-008,14381
-2.05e-008,14057
-2.049e-008,14317
-2.048e-008,14242
-2.047e-008,14303
-2.046e-008,14378
-2.045e-008,14420
-2.044e-008,14155
-2.043e-008,14062
-2.042e-008,14038
-2.041e-008,14274
-2.04e-008,13980
-2.039e-008,14167
-2.038e-008,14204
-2.037e-008,14119
-2.036e-008,14146
-2.035e-008,14096
-2.034e-008,14114
-2.033e-008,14163
-2.032e-008,14011
-2.031e-008,13946
-2.03e-008,13942
-2.029e-008,14193
-2.028e-008,13950
-2.027e-008,14054
-2.026e-008,14123
-2.025e-008,14011
-2.024e-008,13957
-2.023e-008,13960
-2.022e-008,13937
-2.021e-008,14177
-2.02e-008,14084
-2.019e-008,13984
-2.018e-008,13860
-2.017e-008,13900
-2.016e-008,14027
-2.015e-008,13975
-2.014e-008,14127
-2.013e-008,14165
-2.012e-008,13811
-2.011e-008,14052
-2.01e-008,13702
-2.009e-008,14130
-2.008e-008,14101
-2.007e-008,14196
-2.006e-008,13938
-2.005e-008,13921
-2.004e-008,14184
-2.003e-008,14312
-2.002e-008,14190
-2.001e-008,14237
-2e-008,14314
-1.999e-008,14109
-1.998e-008,14342
-1.997e-008,14314
-1.996e-008,14564
-1.995e-008,14256
-1.994e-008,14637
-1.993e-008,14440
-1.992e-008,14623
-1.991e-008,14405
-1.99e-008,14585
-1.989e-008,14608
-1.988e-008,14565
-1.987e-008,14766
-1.986e-008,14888
-1.985e-008,14909
-1.984e-008,14926
-1.983e-008,15024
-1.982e-008,15063
-1.981e-008,14924
-1.98e-008,15175
-1.979e-008,15309
-1.978e-008,15238
-1.977e-008,15430
-1.976e-008,15407
-1.975e-008,15318
-1.974e-008,15429
-1.973e-008,15477
-1.972e-008,15512
-1.971e-008,15525
-1.97e-008,15636
-1.969e-008,15461
-1.968e-008,15918
-1.967e-008,15880
-1.966e-008,15918
-1.965e-008,15829
-1.964e-008,15735
-1.963e-008,15736
-1.962e-008,15707
-1.961e-008,15921
-1.96e-008,16084
-1.959e-008,15725
-1.958e-008,15839
-1.957e-008,16138
-1.956e-008,16013
-1.955e-008,15990
-1.954e-008,15775
-1.953e-008,16094
-1.952e-008,15939
-1.951e-008,15884
-1.95e-008,16168
-1.949e-008,16313
-1.948e-008,16113
-1.947e-008,15988
-1.946e-008,16140
-1.945e-008,16123
-1.944e-008,15993
-1.943e-008,15857
-1.942e-008,16305
-1.941e-008,16060
-1.94e-008,16107
-1.939e-008,16069
-1.938e-008,16251
-1.937e-008,16493
-1.936e-008,16190
-1.935e-008,16545
-1.934e-008,16267
-1.933e-008,16367
-1.932e-008,16266
-1.931e-008,16355
-1.93e-008,16736
-1.929e-008,16377
-1.928e-008,16348
-1.927e-008,16516
-1.926e-008,16744
-1.925e-008,16489
-1.924e-008,16685
-1.923e-008,16592
-1.922e-008,16640
-1.921e-008,16641
-1.92e-008,16741
-1.919e-008,16723
-1.918e-008,16820
-1.917e-008,16799
-1.916e-008,16889
-1.915e-008,16878
-1.914e-008,16703
-1.913e-008,17166
-1.912e-008,17037
-1.911e-008,16930
-1.91e-008,17240
-1.909e-008,17076
-1.908e-008,17369
-1.907e-008,17394
-1.906e-008,16991
-1.905e-008,17533
-1.904e-008,17873
-1.903e-008,17769
-1.902e-008,17503
-1.901e-008,17792
-1.9e-008,17728
-1.899e-008,17743
-1.898e-008,17751
-1.897e-008,17669
-1.896e-008,17810
-1.895e-008,17821
-1.894e-008,17871
-1.893e-008,18018
-1.892e-008,18093
-1.891e-008,17878
-1.89e-008,18233
-1.889e-008,18142
-1.888e-008,18139
-1.887e-008,18293
-1.886e-008,18291
-1.885e-008,18229
-1.884e-008,18456
-1.883e-008,18312
-1.882e-008,18539
-1.881e-008,18598
-1.88e-008,18412
-1.879e-008,18438
-1.878e-008,18632
-1.877e-008,18764
-1.876e-008,18698
-1.875e-008,18798
-1.874e-008,18609
-1.873e-008,18942
-1.872e-008,18804
-1.871e-008,18775
-1.87e-008,18768
-1.869e-008,18681
-1.868e-008,18676
-1.867e-008,18895
-1.866e-008,18986
-1.865e-008,18973
-1.864e-008,18901
-1.863e-008,19010
-1.862e-008,19087
-1.861e-008,19024
-1.86e-008,19205
-1.859e-008,19311
-1.858e-008,19085
-1.857e-008,19260
-1.856e-008,19178
-1.855e-008,19261
-1.854e-008,19202
-1.853e-008,19673
-1.852e-008,19387
-1.851e-008,19330
-1.85e-008,19688
-1.849e-008,19324
-1.848e-008,19344
-1.847e-008,19609
-1.846e-008,19508
-1.845e-008,19466
-1.844e-008,19461
-1.843e-008,19455
-1.842e-008,19078
-1.841e-008,19540
-1.84e-008,19397
-1.839e-008,19381
-1.838e-008,19562
-1.837e-008,19484
-1.836e-008,19445
-1.835e-008,19470
-1.834e-008,19673
-1.833e-008,19534
-1.832e-008,19704
-1.831e-008,19644
-1.83e-008,19698
-1.829e-008,19814
-1.828e-008,19620
-1.827e-008,19736
-1.826e-008,19795
-1.825e-008,19776
-1.824e-008,19798
-1.823e-008,19801
-1.822e-008,20150
-1.821e-008,19980
-1.82e-008,20028
-1.819e-008,20021
-1.818e-008,20133
-1.817e-008,20249
-1.816e-008,19860
-1.815e-008,20216
-1.814e-008,20202
-1.813e-008,20015
-1.812e-008,19932
-1.811e-008,20028
-1.81e-008,20176
-1.809e-008,19847
-1.808e-008,19913
-1.807e-008,19938
-1.806e-008,20300
-1.805e-008,20159
-1.804e-008,20357
-1.803e-008,19978
-1.802e-008,20356
-1.801e-008,20487
-1.8e-008,20056
-1.799e-008,20456
-1.798e-008,20097
-1.797e-008,20697
-1.796e-008,20511
-1.795e-008,20570
-1.794e-008,20342
-1.793e-008,20354
-1.792e-008,20589
-1.791e-008,20164
-1.79e-008,20556
-1.789e-008,20796
-1.788e-008,20294
-1.787e-008,20434
-1.786e-008,20631
-1.785e-008,20504
-1.784e-008,20737
-1.783e-008,20816
-1.782e-008,20650
-1.781e-008,20492
-1.78e-008,20704
-1.779e-008,20743
-1.778e-008,20935
-1.777e-008,21030
-1.776e-008,21096
-1.775e-008,21133
-1.774e-008,21222
-1.773e-008,21159
-1.772e-008,21107
-1.771e-008,21086
-1.77e-008,21275
-1.769e-008,21572
-1.768e-008,21414
-1.767e-008,21572
-1.766e-008,21570
-1.765e-008,21984
-1.764e-008,22161
-1.763e-008,21806
-1.762e-008,21870
-1.761e-008,21919
-1.76e-008,21900
-1.759e-008,22208
-1.758e-008,21980
-1.757e-008,22312
-1.756e-008,22231
-1.755e-008,22352
-1.754e-008,22492
-1.753e-008,22471
-1.752e-008,22644
-1.751e-008,22699
-1.75e-008,22667
-1.749e-008,22626
-1.748e-008,22882
-1.747e-008,22984
-1.746e-008,22971
-1.745e-008,23013
-1.744e-008,23158
-1.743e-008,23295
-1.742e-008,23150
-1.741e-008,23132
-1.74e-008,23475
-1.739e-008,23352
-1.738e-008,23733
-1.737e-008,23778
-1.736e-008,23883
-1.735e-008,24255
-1.734e-008,23726
-1.733e-008,23677
-1.732e-008,24083
-1.731e-008,24198
-1.73e-008,24180
-1.729e-008,24369
-1.728e-008,24401
-1.727e-008,24549
-1.726e-008,24723
-1.725e-008,24722
-1.724e-008,24900
-1.723e-008,24942
-1.722e-008,25028
-1.721e-008,24835
-1.72e-008,24750
-1.719e-008,24802
-1.718e-008,25022
-1.717e-008,25029
-1.716e-008,24871
-1.715e-008,25023
-1.714e-008,25253
-1.713e-008,24742
-1.712e-008,25225
-1.711e-008,25053
-1.71e-008,24898
-1.709e-008,25111
-1.708e-008,25159
-1.707e-008,25058
-1.706e-008,24987
-1.705e-008,25334
-1.704e-008,25324
-1.703e-008,25110
-1.702e-008,25113
-1.701e-008,25422
-1.7e-008,25077
-1.699e-008,24865
-1.698e-008,24832
-1.697e-008,25032
-1.696e-008,25296
-1.695e-008,25170
-1.694e-008,25131
-1.693e-008,24803
-1.692e-008,25302
-1.691e-008,24961
-1.69e-008,25170
-1.689e-008,24841
-1.688e-008,25023
-1.687e-008,24992
-1.686e-008,24688
-1.685e-008,24886
-1.684e-008,24675
-1.683e-008,24756
-1.682e-008,24553
-1.681e-008,24806
-1.68e-008,24710
-1.679e-008,25006
-1.678e-008,24969
-1.677e-008,25072
-1.676e-008,24734
-1.675e-008,24753
-1.674e-008,24820
-1.673e-008,24820
-1.672e-008,24718
-1.671e-008,24697
-1.67e-008,24799
-1.669e-008,25089
-1.668e-008,24699
-1.667e-008,25191
-1.666e-008,24972
-1.665e-008,24934
-1.664e-008,25018
-1.663e-008,25094
-1.662e-008,25114
-1.661e-008,25268
-1.66e-008,24930
-1.659e-008,25177
-1.658e-008,25305
-1.657e-008,25313
-1.656e-008,25302
-1.655e-008,25490
-1.654e-008,25522
-1.653e-008,25813
-1.652e-008,25651
-1.651e-008,25860
-1.65e-008,25619
-1.649e-008,25965
-1.648e-008,25924
-1.647e-008,26003
-1.646e-008,26072
-1.645e-008,26389
-1.644e-008,26184
-1.643e-008,26282
-1.642e-008,26301
-1.641e-008,26501
-1.64e-008,26727
-1.639e-008,26448
-1.638e-008,26678
-1.637e-008,27024
-1.636e-008,27002
-1.635e-008,26971
-1.634e-008,27140
-1.633e-008,26830
-1.632e-008,27034
-1.631e-008,27250
-1.63e-008,27700
-1.629e-008,27497
-1.628e-008,27573
-1.627e-008,27818
-1.626e-008,27711
-1.625e-008,27545
-1.624e-008,27749
-1.623e-008,27939
-1.622e-008,28196
-1.621e-008,28297
-1.62e-008,28155
-1.619e-008,28209
-1.618e-008,28497
-1.617e-008,28756
-1.616e-008,28818
-1.615e-008,28659
-1.614e-008,28822
-1.613e-008,28956
-1.612e-008,29047
-1.611e-008,28799
-1.61e-008,28755
-1.609e-008,28803
-1.608e-008,29052
-1.607e-008,29245
-1.606e-008,29841
-1.605e-008,29473
-1.604e-008,29583
-1.603e-008,29894
-1.602e-008,29532
-1.601e-008,29741
-1.6e-008,30104
-1.599e-008,30135
-1.598e-008,30410
-1.597e-008,30435
-1.596e-008,30320
-1.595e-008,30309
-1.594e-008,30430
-1.593e-008,30423
-1.592e-008,30703
-1.591e-008,30785
-1.59e-008,31051
-1.589e-008,30927
-1.588e-008,30521
-1.587e-008,30794
-1.586e-008,30818
-1.585e-008,30774
-1.584e-008,31064
-1.583e-008,30950
-1.582e-008,30776
-1.581e-008,31372
-1.58e-008,30861
-1.579e-008,30876
-1.578e-008,30950
-1.577e-008,30960
-1.576e-008,31064
-1.575e-008,31060
-1.574e-008,30928
-1.573e-008,31008
-1.572e-008,31078
-1.571e-008,31258
-1.57e-008,31124
-1.569e-008,31133
-1.568e-008,30987
-1.567e-008,31216
-1.566e-008,30888
-1.565e-008,31130
-1.564e-008,30840
-1.563e-008,30869
-1.562e-008,30969
-1.561e-008,31379
-1.56e-008,30600
-1.559e-008,30732
-1.558e-008,30917
-1.557e-008,31018
-1.556e-008,30942
-1.555e-008,31026
-1.554e-008,31225
-1.553e-008,31006
-1.552e-008,30553
-1.551e-008,30899
-1.55e-008,31114
-1.549e-008,30783
-1.548e-008,30811
-1.547e-008,30873
-1.546e-008,30654
-1.545e-008,30733
-1.544e-008,30665
-1.543e-008,30870
-1.542e-008,30687
-1.541e-008,30423
-1.54e-008,30311
-1.539e-008,30567
-1.538e-008,30319
-1.537e-008,30477
-1.536e-008,30485
-1.535e-008,30843
-1.534e-008,30669
-1.533e-008,30692
-1.532e-008,30702
-1.531e-008,30466
-1.53e-008,30466
-1.529e-008,30657
-1.528e-008,30327
-1.527e-008,30589
-1.526e-008,30435
-1.525e-008,30782
-1.524e-008,30563
-1.523e-008,30583
-1.522e-008,30792
-1.521e-008,30537
-1.52e-008,30638
-1.519e-008,30462
-1.518e-008,30566
-1.517e-008,30462
-1.516e-008,30892
-1.515e-008,30828
-1.514e-008,30504
-1.513e-008,30420
-1.512e-008,30637
-1.511e-008,30263
-1.51e-008,30227
-1.509e-008,30534
-1.508e-008,30415
-1.507e-008,30294
-1.506e-008,30733
-1.505e-008,30279
-1.504e-008,30651
-1.503e-008,30668
-1.502e-008,30456
-1.501e-008,30442
-1.5e-008,30737
-1.499e-008,30585
-1.498e-008,30419
-1.497e-008,30615
-1.496e-008,30580
-1.495e-008,30487
-1.494e-008,30496
-1.493e-008,30305
-1.492e-008,30651
-1.491e-008,30225
-1.49e-008,29897
-1.489e-008,30312
-1.488e-008,29914
-1.487e-008,30288
-1.486e-008,29948
-1.485e-008,29900
-1.484e-008,29646
-1.483e-008,29857
-1.482e-008,29984
-1.481e-008,29326
-1.48e-008,29612
-1.479e-008,29395
-1.478e-008,29294
-1.477e-008,28977
-1.476e-008,28530
-1.475e-008,28403
-1.474e-008,28273
-1.473e-008,27984
-1.472e-008,28029
-1.471e-008,26977
-1.47e-008,26867
-1.469e-008,26380
-1.468e-008,26166
-1.467e-008,25708
-1.466e-008,24996
-1.465e-008,23756
-1.464e-008,22065
-1.463e-008,19312
-1.462e-008,16123
-1.461e-008,13639
-1.46e-008,12299
-1.459e-008,11359
-1.458e-008,10526
-1.457e-008,10277
-1.456e-008,9684
-1.455e-008,9278
-1.454e-008,8949
-1.453e-008,8505
-1.452e-008,8083
-1.451e-008,7837
-1.45e-008,7485
-1.449e-008,7082
-1.448e-008,6863
-1.447e-008,6558
-1.446e-008,6416
-1.445e-008,6186
-1.444e-008,5838
-1.443e-008,5584
-1.442e-008,5345
-1.441e-008,5265
-1.44e-008,4976
-1.439e-008,5016
-1.438e-008,4708
-1.437e-008,4547
-1.436e-008,4441
-1.435e-008,4220
-1.434e-008,4116
-1.433e-008,3901
-1.432e-008,3855
-1.431e-008,3766
-1.43e-008,3621
-1.429e-008,3563
-1.428e-008,3381
-1.427e-008,3352
-1.426e-008,3222
-1.425e-008,3079
-1.424e-008,2987
-1.423e-008,2947
-1.422e-008,2832
-1.421e-008,2741
-1.42e-008,2650
-1.419e-008,2487
-1.418e-008,2481
-1.417e-008,2323
-1.416e-008,2326
-1.415e-008,2278
-1.414e-008,2252
-1.413e-008,2144
-1.412e-008,2063
-1.411e-008,2012
-1.41e-008,1940
-1.409e-008,1950
-1.408e-008,1908
-1.407e-008,1796
-1.406e-008,1808
-1.405e-008,1756
-1.404e-008,1795
-1.403e-008,1747
-1.402e-008,1655
-1.401e-008,1531
-1.4e-008,1540
-1.399e-008,1455
-1.398e-008,1473
-1.397e-008,1445
-1.396e-008,1414
-1.395e-008,1422
-1.394e-008,1331
-1.393e-008,1232
-1.392e-008,1324
-1.391e-008,1232
-1.39e-008,1248
-1.389e-008,1085
-1.388e-008,1155
-1.387e-008,1101
-1.386e-008,1076
-1.385e-008,1123
-1.384e-008,1092
-1.383e-008,1060
-1.382e-008,1045
-1.381e-008,1048
-1.38e-008,1025
-1.379e-008,1001
-1.378e-008,951
-1.377e-008,945
-1.376e-008,951
-1.375e-008,955
-1.374e-008,905
-1.373e-008,896
-1.372e-008,925
-1.371e-008,877
-1.37e-008,843
-1.369e-008,909
-1.368e-008,857
-1.367e-008,850
-1.366e-008,812
-1.365e-008,798
-1.364e-008,808
-1.363e-008,787
-1.362e-008,776
-1.361e-008,737
-1.36e-008,743
-1.359e-008,723
-1.358e-008,751
-1.357e-008,659
-1.356e-008,679
-1.355e-008,749
-1.354e-008,688
-1.353e-008,725
-1.352e-008,704
-1.351e-008,680
-1.35e-008,685
-1.349e-008,673
-1.348e-008,682
-1.347e-008,637
-1.346e-008,652
-1.345e-008,653
-1.344e-008,698
-1.343e-008,614
-1.342e-008,662
-1.341e-008,639
-1.34e-008,608
-1.339e-008,645
-1.338e-008,618
-1.337e-008,588
-1.336e-008,586
-1.335e-008,587
-1.334e-008,572
-1.333e-008,621
-1.332e-008,616
-1.331e-008,621
-1.33e-008,572
-1.329e-008,597
-1.328e-008,596
-1.327e-008,591
-1.326e-008,574
-1.325e-008,569
-1.324e-008,552
-1.323e-008,575
-1.322e-008,587
-1.321e-008,586
-1.32e-008,577
-1.319e-008,513
-1.318e-008,523
-1.317e-008,570
-1.316e-008,576
-1.315e-008,552
-1.314e-008,552
-1.313e-008,580
-1.312e-008,560
-1.311e-008,550
-1.31e-008,530
-1.309e-008,569
-1.308e-008,578
-1.307e-008,563
-1.306e-008,533
-1.305e-008,554
-1.304e-008,530
-1.303e-008,530
-1.302e-008,513
-1.301e-008,487
-1.3e-008,520
-1.299e-008,528
-1.298e-008,589
-1.297e-008,526
-1.296e-008,506
-1.295e-008,524
-1.294e-008,538
-1.293e-008,521
-1.292e-008,548
-1.291e-008,553
-1.29e-008,536
-1.289e-008,527
-1.288e-008,530
-1.287e-008,529
-1.286e-008,563
-1.285e-008,518
-1.284e-008,539
-1.283e-008,519
-1.282e-008,485
-1.281e-008,498
-1.28e-008,543
-1.279e-008,513
-1.278e-008,465
-1.277e-008,525
-1.276e-008,552
-1.275e-008,563
-1.274e-008,503
-1.273e-008,545
-1.272e-008,510
-1.271e-008,494
-1.27e-008,525
-1.269e-008,542
-1.268e-008,531
-1.267e-008,506
-1.266e-008,547
-1.265e-008,523
-1.264e-008,532
-1.263e-008,493
-1.262e-008,538
-1.261e-008,510
-1.26e-008,516
-1.259e-008,515
-1.258e-008,510
-1.257e-008,537
-1.256e-008,498
-1.255e-008,499
-1.254e-008,555
-1.253e-008,565
-1.252e-008,546
-1.251e-008,548
-1.25e-008,496
-1.249e-008,519
-1.248e-008,512
-1.247e-008,523
-1.246e-008,488
-1.245e-008,515
-1.244e-008,501
-1.243e-008,508
-1.242e-008,602
-1.241e-008,484
-1.24e-008,495
-1.239e-008,507
-1.238e-008,513
-1.237e-008,529
-1.236e-008,486
-1.235e-008,529
-1.234e-008,530
-1.233e-008,494
-1.232e-008,477
-1.231e-008,527
-1.23e-008,510
-1.229e-008,524
-1.228e-008,515
-1.227e-008,511
-1.226e-008,522
-1.225e-008,531
-1.224e-008,506
-1.223e-008,473
-1.222e-008,533
-1.221e-008,521
-1.22e-008,521
-1.219e-008,476
-1.218e-008,502
-1.217e-008,482
-1.216e-008,506
-1.215e-008,496
-1.214e-008,493
-1.213e-008,546
-1.212e-008,477
-1.211e-008,494
-1.21e-008,546
-1.209e-008,470
-1.208e-008,495
-1.207e-008,508
-1.206e-008,469
-1.205e-008,530
-1.204e-008,510
-1.203e-008,503
-1.202e-008,490
-1.201e-008,516
-1.2e-008,449
-1.199e-008,486
-1.198e-008,488
-1.197e-008,509
-1.196e-008,494
-1.195e-008,521
-1.194e-008,468
-1.193e-008,535
-1.192e-008,518
-1.191e-008,485
-1.19e-008,537
-1.189e-008,494
-1.188e-008,523
-1.187e-008,488
-1.186e-008,514
-1.185e-008,495
-1.184e-008,514
-1.183e-008,539
-1.182e-008,521
-1.181e-008,518
-1.18e-008,533
-1.179e-008,480
-1.178e-008,506
-1.177e-008,502
-1.176e-008,510
-1.175e-008,515
-1.174e-008,501
-1.173e-008,491
-1.172e-008,559
-1.171e-008,498
-1.17e-008,527
-1.169e-008,522
-1.168e-008,497
-1.167e-008,503
-1.166e-008,524
-1.165e-008,547
-1.164e-008,510
-1.163e-008,543
-1.162e-008,524
-1.161e-008,507
-1.16e-008,489
-1.159e-008,494
-1.158e-008,476
-1.157e-008,494
-1.156e-008,499
-1.155e-008,518
-1.154e-008,516
-1.153e-008,531
-1.152e-008,491
-1.151e-008,490
-1.15e-008,512
-1.149e-008,504
-1.148e-008,531
-1.147e-008,529
-1.146e-008,484
-1.145e-008,536
-1.144e-008,546
-1.143e-008,492
-1.142e-008,531
-1.141e-008,502
-1.14e-008,511
-1.139e-008,526
-1.138e-008,560
-1.137e-008,508
-1.136e-008,525
-1.135e-008,518
-1.134e-008,540
-1.133e-008,525
-1.132e-008,516
-1.131e-008,528
-1.13e-008,523
-1.129e-008,515
-1.128e-008,543
-1.127e-008,493
-1.126e-008,552
-1.125e-008,547
-1.124e-008,498
-1.123e-008,510
-1.122e-008,538
-1.121e-008,538
-1.12e-008,495
-1.119e-008,555
-1.118e-008,513
-1.117e-008,525
-1.116e-008,495
-1.115e-008,530
-1.114e-008,506
-1.113e-008,521
-1.112e-008,493
-1.111e-008,524
-1.11e-008,533
-1.109e-008,527
-1.108e-008,509
-1.107e-008,546
-1.106e-008,471
-1.105e-008,517
-1.104e-008,522
-1.103e-008,509
-1.102e-008,525
-1.101e-008,466
-1.1e-008,504
-1.099e-008,485
-1.098e-008,525
-1.097e-008,491
-1.096e-008,500
-1.095e-008,480
-1.094e-008,482
-1.093e-008,526
-1.092e-008,450
-1.091e-008,522
-1.09e-008,484
-1.089e-008,486
-1.088e-008,508
-1.087e-008,497
-1.086e-008,509
-1.085e-008,456
-1.084e-008,500
-1.083e-008,507
-1.082e-008,454
-1.081e-008,498
-1.08e-008,480
-1.079e-008,466
-1.078e-008,494
-1.077e-008,478
-1.076e-008,520
-1.075e-008,474
-1.074e-008,536
-1.073e-008,485
-1.072e-008,485
-1.071e-008,504
-1.07e-008,499
-1.069e-008,503
-1.068e-008,474
-1.067e-008,514
-1.066e-008,468
-1.065e-008,495
-1.064e-008,462
-1.063e-008,497
-1.062e-008,521
-1.061e-008,523
-1.06e-008,480
-1.059e-008,476
-1.058e-008,526
-1.057e-008,515
-1.056e-008,513
-1.055e-008,508
-1.054e-008,493
-1.053e-008,502
-1.052e-008,461
-1.051e-008,531
-1.05e-008,491
-1.049e-008,497
-1.048e-008,491
-1.047e-008,508
-1.046e-008,503
-1.045e-008,480
-1.044e-008,495
-1.043e-008,524
-1.042e-008,532
-1.041e-008,516
-1.04e-008,515
-1.039e-008,534
-1.038e-008,468
-1.037e-008,550
-1.036e-008,494
-1.035e-008,533
-1.034e-008,512
-1.033e-008,509
-1.032e-008,502
-1.031e-008,511
-1.03e-008,517
-1.029e-008,553
-1.028e-008,549
-1.027e-008,557
-1.026e-008,502
-1.025e-008,547
-1.024e-008,530
-1.023e-008,527
-1.022e-008,558
-1.021e-008,540
-1.02e-008,520
-1.019e-008,520
-1.018e-008,520
-1.017e-008,539
-1.016e-008,515
-1.015e-008,515
-1.014e-008,527
-1.013e-008,538
-1.012e-008,524
-1.011e-008,543
-1.01e-008,517
-1.009e-008,541
-1.008e-008,508
-1.007e-008,524
-1.006e-008,550
-1.005e-008,523
-1.004e-008,516
-1.003e-008,538
-1.002e-008,497
-1.001e-008,532
-1e-008,535
-9.99e-009,547
-9.98e-009,532
-9.97e-009,515
-9.96e-009,515
-9.95e-009,554
-9.94e-009,504
-9.93e-009,515
-9.92e-009,546
-9.91e-009,518
-9.9e-009,486
-9.89e-009,505
-9.88e-009,482
-9.87e-009,533
-9.86e-009,531
-9.85e-009,536
-9.84e-009,515
-9.83e-009,537
-9.82e-009,521
-9.81e-009,494
-9.8e-009,481
-9.79e-009,515
-9.78e-009,494
-9.77e-009,494
-9.76e-009,473
-9.75e-009,508
-9.74e-009,477
-9.73e-009,481
-9.72e-009,497
-9.71e-009,471
-9.7e-009,511
-9.69e-009,526
-9.68e-009,509
-9.67e-009,478
-9.66e-009,452
-9.65e-009,517
-9.64e-009,470
-9.63e-009,490
-9.62e-009,509
-9.61e-009,493
-9.6e-009,494
-9.59e-009,497
-9.58e-009,494
-9.57e-009,460
-9.56e-009,517
-9.55e-009,472
-9.54e-009,446
-9.53e-009,510
-9.52e-009,483
-9.51e-009,470
-9.5e-009,499
-9.49e-009,479
-9.48e-009,471
-9.47e-009,487
-9.46e-009,493
-9.45e-009,468
-9.44e-009,494
-9.43e-009,467
-9.42e-009,481
-9.41e-009,520
-9.4e-009,447
-9.39e-009,482
-9.38e-009,481
-9.37e-009,498
-9.36e-009,506
-9.35e-009,497
-9.34e-009,533
-9.33e-009,536
-9.32e-009,538
-9.31e-009,470
-9.3e-009,515
-9.29e-009,531
-9.28e-009,518
-9.27e-009,519
-9.26e-009,509
-9.25e-009,514
-9.24e-009,521
-9.23e-009,494
-9.22e-009,511
-9.21e-009,510
-9.2e-009,519
-9.19e-009,536
-9.18e-009,529
-9.17e-009,543
-9.16e-009,527
-9.15e-009,523
-9.14e-009,544
-9.13e-009,496
-9.12e-009,497
-9.11e-009,539
-9.1e-009,518
-9.09e-009,500
-9.08e-009,531
-9.07e-009,537
-9.06e-009,550
-9.05e-009,541
-9.04e-009,544
-9.03e-009,515
-9.02e-009,517
-9.01e-009,506
-9e-009,529
-8.99e-009,474
-8.98e-009,541
-8.97e-009,533
-8.96e-009,572
-8.95e-009,517
-8.94e-009,529
-8.93e-009,528
-8.92e-009,520
-8.91e-009,580
-8.9e-009,486
-8.89e-009,545
-8.88e-009,524
-8.87e-009,493
-8.86e-009,524
-8.85e-009,502
-8.84e-009,506
-8.83e-009,521
-8.82e-009,544
-8.81e-009,522
-8.8e-009,506
-8.79e-009,514
-8.78e-009,485
-8.77e-009,444
-8.76e-009,484
-8.75e-009,508
-8.74e-009,493
-8.73e-009,500
-8.72e-009,462
-8.71e-009,463
-8.7e-009,473
-8.69e-009,530
-8.68e-009,482
-8.67e-009,491
-8.66e-009,537
-8.65e-009,476
-8.64e-009,505
-8.63e-009,461
-8.62e-009,484
-8.61e-009,484
-8.6e-009,491
-8.59e-009,474
-8.58e-009,527
-8.57e-009,490
-8.56e-009,487
-8.55e-009,492
-8.54e-009,468
-8.53e-009,497
-8.52e-009,538
-8.51e-009,527
-8.5e-009,476
-8.49e-009,489
-8.48e-009,516
-8.47e-009,525
-8.46e-009,469
-8.45e-009,530
-8.44e-009,537
-8.43e-009,497
-8.42e-009,476
-8.41e-009,536
-8.4e-009,540
-8.39e-009,487
-8.38e-009,486
-8.37e-009,499
-8.36e-009,505
-8.35e-009,494
-8.34e-009,497
-8.33e-009,495
-8.32e-009,504
-8.31e-009,491
-8.3e-009,476
-8.29e-009,480
-8.28e-009,505
-8.27e-009,490
-8.26e-009,492
-8.25e-009,536
-8.24e-009,517
-8.23e-009,516
-8.22e-009,486
-8.21e-009,514
-8.2e-009,522
-8.19e-009,541
-8.18e-009,503
-8.17e-009,509
-8.16e-009,541
-8.15e-009,491
-8.14e-009,492
-8.13e-009,518
-8.12e-009,517
-8.11e-009,492
-8.1e-009,503
-8.09e-009,512
-8.08e-009,485
-8.07e-009,508
-8.06e-009,529
-8.05e-009,551
-8.04e-009,531
-8.03e-009,510
-8.02e-009,552
-8.01e-009,518
-8e-009,545
-7.99e-009,488
-7.98e-009,485
-7.97e-009,498
-7.96e-009,509
-7.95e-009,517
-7.94e-009,544
-7.93e-009,513
-7.92e-009,558
-7.91e-009,520
-7.9e-009,520
-7.89e-009,521
-7.88e-009,541
-7.87e-009,507
-7.86e-009,499
-7.85e-009,487
-7.84e-009,468
-7.83e-009,523
-7.82e-009,504
-7.81e-009,507
-7.8e-009,523
-7.79e-009,575
-7.78e-009,546
-7.77e-009,534
-7.76e-009,494
-7.75e-009,516
-7.74e-009,477
-7.73e-009,525
-7.72e-009,496
-7.71e-009,480
-7.7e-009,469
-7.69e-009,541
-7.68e-009,546
-7.67e-009,511
-7.66e-009,505
-7.65e-009,463
-7.64e-009,504
-7.63e-009,518
-7.62e-009,514
-7.61e-009,514
-7.6e-009,517
-7.59e-009,499
-7.58e-009,495
-7.57e-009,500
-7.56e-009,533
-7.55e-009,506
-7.54e-009,519
-7.53e-009,523
-7.52e-009,536
-7.51e-009,506
-7.5e-009,450
-7.49e-009,521
-7.48e-009,549
-7.47e-009,498
-7.46e-009,555
-7.45e-009,542
-7.44e-009,528
-7.43e-009,529
-7.42e-009,531
-7.41e-009,507
-7.4e-009,516
-7.39e-009,492
-7.38e-009,542
-7.37e-009,567
-7.36e-009,508
-7.35e-009,514
-7.34e-009,545
-7.33e-009,501
-7.32e-009,490
-7.31e-009,515
-7.3e-009,517
-7.29e-009,484
-7.28e-009,493
-7.27e-009,503
-7.26e-009,526
-7.25e-009,527
-7.24e-009,533
-7.23e-009,508
-7.22e-009,498
-7.21e-009,512
-7.2e-009,516
-7.19e-009,555
-7.18e-009,476
-7.17e-009,505
-7.16e-009,536
-7.15e-009,508
-7.14e-009,542
-7.13e-009,495
-7.12e-009,530
-7.11e-009,539
-7.1e-009,563
-7.09e-009,514
-7.08e-009,524
-7.07e-009,542
-7.06e-009,494
-7.05e-009,519
-7.04e-009,510
-7.03e-009,537
-7.02e-009,506
-7.01e-009,496
-7e-009,486
-6.99e-009,508
-6.98e-009,552
-6.97e-009,495
-6.96e-009,506
-6.95e-009,509
-6.94e-009,517
-6.93e-009,490
-6.92e-009,487
-6.91e-009,460
-6.9e-009,554
-6.89e-009,491
-6.88e-009,479
-6.87e-009,452
-6.86e-009,504
-6.85e-009,453
-6.84e-009,501
-6.83e-009,485
-6.82e-009,496
-6.81e-009,508
-6.8e-009,452
-6.79e-009,477
-6.78e-009,484
-6.77e-009,499
-6.76e-009,486
-6.75e-009,492
-6.74e-009,479
-6.73e-009,482
-6.72e-009,483
-6.71e-009,494
-6.7e-009,483
-6.69e-009,509
-6.68e-009,550
-6.67e-009,490
-6.66e-009,467
-6.65e-009,519
-6.64e-009,458
-6.63e-009,506
-6.62e-009,518
-6.61e-009,508
-6.6e-009,469
-6.59e-009,511
-6.58e-009,516
-6.57e-009,498
-6.56e-009,507
-6.55e-009,514
-6.54e-009,504
-6.53e-009,521
-6.52e-009,500
-6.51e-009,500
-6.5e-009,500
-6.49e-009,542
-6.48e-009,547
-6.47e-009,513
-6.46e-009,496
-6.45e-009,506
-6.44e-009,526
-6.43e-009,562
-6.42e-009,511
-6.41e-009,491
-6.4e-009,512
-6.39e-009,497
-6.38e-009,506
-6.37e-009,550
-6.36e-009,511
-6.35e-009,525
-6.34e-009,506
-6.33e-009,480
-6.32e-009,498
-6.31e-009,535
-6.3e-009,495
-6.29e-009,539
-6.28e-009,528
-6.27e-009,513
-6.26e-009,558
-6.25e-009,522
-6.24e-009,535
-6.23e-009,526
-6.22e-009,551
-6.21e-009,518
-6.2e-009,556
-6.19e-009,551
-6.18e-009,490
-6.17e-009,579
-6.16e-009,519
-6.15e-009,509
-6.14e-009,521
-6.13e-009,525
-6.12e-009,541
-6.11e-009,497
-6.1e-009,522
-6.09e-009,543
-6.08e-009,585
-6.07e-009,508
-6.06e-009,552
-6.05e-009,533
-6.04e-009,529
-6.03e-009,557
-6.02e-009,537
-6.01e-009,472
-6e-009,502
-5.99e-009,508
-5.98e-009,529
-5.97e-009,496
-5.96e-009,552
-5.95e-009,537
-5.94e-009,516
-5.93e-009,549
-5.92e-009,536
-5.91e-009,531
-5.9e-009,578
-5.89e-009,500
-5.88e-009,468
-5.87e-009,507
-5.86e-009,510
-5.85e-009,524
-5.84e-009,550
-5.83e-009,503
-5.82e-009,522
-5.81e-009,532
-5.8e-009,531
-5.79e-009,512
-5.78e-009,499
-5.77e-009,534
-5.76e-009,543
-5.75e-009,492
-5.74e-009,502
-5.73e-009,520
-5.72e-009,492
-5.71e-009,517
-5.7e-009,549
-5.69e-009,508
-5.68e-009,489
-5.67e-009,527
-5.66e-009,556
-5.65e-009,525
-5.64e-009,487
-5.63e-009,466
-5.62e-009,532
-5.61e-009,518
-5.6e-009,510
-5.59e-009,551
-5.58e-009,557
-5.57e-009,531
-5.56e-009,503
-5.55e-009,480
-5.54e-009,522
-5.53e-009,525
-5.52e-009,511
-5.51e-009,535
-5.5e-009,526
-5.49e-009,469
-5.48e-009,523
-5.47e-009,513
-5.46e-009,506
-5.45e-009,463
-5.44e-009,537
-5.43e-009,479
-5.42e-009,485
-5.41e-009,490
-5.4e-009,550
-5.39e-009,521
-5.38e-009,539
-5.37e-009,525
-5.36e-009,532
-5.35e-009,532
-5.34e-009,516
-5.33e-009,510
-5.32e-009,472
-5.31e-009,497
-5.3e-009,514
-5.29e-009,535
-5.28e-009,486
-5.27e-009,511
-5.26e-009,479
-5.25e-009,488
-5.24e-009,516
-5.23e-009,493
-5.22e-009,480
-5.21e-009,487
-5.2e-009,496
-5.19e-009,468
-5.18e-009,509
-5.17e-009,501
-5.16e-009,511
-5.15e-009,477
-5.14e-009,474
-5.13e-009,468
-5.12e-009,509
-5.11e-009,489
-5.1e-009,460
-5.09e-009,516
-5.08e-009,477
-5.07e-009,447
-5.06e-009,462
-5.05e-009,501
-5.04e-009,464
-5.03e-009,495
-5.02e-009,486
-5.01e-009,546
-5e-009,517
-4.99e-009,463
-4.98e-009,508
-4.97e-009,465
-4.96e-009,498
-4.95e-009,483
-4.94e-009,455
-4.93e-009,502
-4.92e-009,497
-4.91e-009,520
-4.9e-009,497
-4.89e-009,529
-4.88e-009,509
-4.87e-009,428
-4.86e-009,465
-4.85e-009,513
-4.84e-009,540
-4.83e-009,504
-4.82e-009,504
-4.81e-009,508
-4.8e-009,536
-4.79e-009,501
-4.78e-009,464
-4.77e-009,492
-4.76e-009,541
-4.75e-009,492
-4.74e-009,508
-4.73e-009,513
-4.72e-009,547
-4.71e-009,532
-4.7e-009,499
-4.69e-009,531
-4.68e-009,536
-4.67e-009,541
-4.66e-009,501
-4.65e-009,525
-4.64e-009,478
-4.63e-009,515
-4.62e-009,502
-4.61e-009,545
-4.6e-009,526
-4.59e-009,526
-4.58e-009,530
-4.57e-009,546
-4.56e-009,561
-4.55e-009,554
-4.54e-009,535
-4.53e-009,522
-4.52e-009,549
-4.51e-009,552
-4.5e-009,571
-4.49e-009,542
-4.48e-009,522
-4.47e-009,504
-4.46e-009,539
-4.45e-009,506
-4.44e-009,516
-4.43e-009,532
-4.42e-009,519
-4.41e-009,520
-4.4e-009,505
-4.39e-009,549
-4.38e-009,512
-4.37e-009,528
-4.36e-009,561
-4.35e-009,541
-4.34e-009,513
-4.33e-009,528
-4.32e-009,490
-4.31e-009,589
-4.3e-009,512
-4.29e-009,508
-4.28e-009,559
-4.27e-009,491
-4.26e-009,524
-4.25e-009,498
-4.24e-009,568
-4.23e-009,507
-4.22e-009,505
-4.21e-009,517
-4.2e-009,523
-4.19e-009,526
-4.18e-009,547
-4.17e-009,514
-4.16e-009,525
-4.15e-009,517
-4.14e-009,508
-4.13e-009,516
-4.12e-009,517
-4.11e-009,519
-4.1e-009,499
-4.09e-009,519
-4.08e-009,518
-4.07e-009,502
-4.06e-009,488
-4.05e-009,506
-4.04e-009,473
-4.03e-009,526
-4.02e-009,507
-4.01e-009,496
-4e-009,504
-3.99e-009,522
-3.98e-009,518
-3.97e-009,497
-3.96e-009,486
-3.95e-009,490
-3.94e-009,532
-3.93e-009,514
-3.92e-009,489
-3.91e-009,538
-3.9e-009,487
-3.89e-009,487
-3.88e-009,536
-3.87e-009,507
-3.86e-009,531
-3.85e-009,524
-3.84e-009,511
-3.83e-009,483
-3.82e-009,504
-3.81e-009,517
-3.8e-009,474
-3.79e-009,473
-3.78e-009,482
-3.77e-009,527
-3.76e-009,497
-3.75e-009,538
-3.74e-009,501
-3.73e-009,507
-3.72e-009,456
-3.71e-009,506
-3.7e-009,489
-3.69e-009,503
-3.68e-009,498
-3.67e-009,489
-3.66e-009,499
-3.65e-009,518
-3.64e-009,517
-3.63e-009,490
-3.62e-009,489
-3.61e-009,487
-3.6e-009,504
-3.59e-009,506
-3.58e-009,517
-3.57e-009,498
-3.56e-009,506
-3.55e-009,490
-3.54e-009,478
-3.53e-009,503
-3.52e-009,515
-3.51e-009,472
-3.5e-009,510
-3.49e-009,485
-3.48e-009,471
-3.47e-009,488
-3.46e-009,515
-3.45e-009,529
-3.44e-009,538
-3.43e-009,488
-3.42e-009,513
-3.41e-009,489
-3.4e-009,534
-3.39e-009,498
-3.38e-009,506
-3.37e-009,512
-3.36e-009,495
-3.35e-009,519
-3.34e-009,527
-3.33e-009,513
-3.32e-009,557
-3.31e-009,497
-3.3e-009,487
-3.29e-009,518
-3.28e-009,490
-3.27e-009,512
-3.26e-009,472
-3.25e-009,523
-3.24e-009,486
-3.23e-009,508
-3.22e-009,561
-3.21e-009,471
-3.2e-009,501
-3.19e-009,537
-3.18e-009,476
-3.17e-009,533
-3.16e-009,529
-3.15e-009,489
-3.14e-009,512
-3.13e-009,478
-3.12e-009,556
-3.11e-009,535
-3.1e-009,538
-3.09e-009,553
-3.08e-009,504
-3.07e-009,544
-3.06e-009,530
-3.05e-009,506
-3.04e-009,485
-3.03e-009,530
-3.02e-009,528
-3.01e-009,524
-3e-009,568
-2.99e-009,523
-2.98e-009,512
-2.97e-009,505
-2.96e-009,524
-2.95e-009,525
-2.94e-009,517
-2.93e-009,532
-2.92e-009,567
-2.91e-009,559
-2.9e-009,549
-2.89e-009,565
-2.88e-009,478
-2.87e-009,507
-2.86e-009,558
-2.85e-009,520
-2.84e-009,502
-2.83e-009,516
-2.82e-009,527
-2.81e-009,526
-2.8e-009,553
-2.79e-009,516
-2.78e-009,519
-2.77e-009,479
-2.76e-009,510
-2.75e-009,521
-2.74e-009,537
-2.73e-009,482
-2.72e-009,465
-2.71e-009,492
-2.7e-009,539
-2.69e-009,543
-2.68e-009,469
-2.67e-009,515
-2.66e-009,531
-2.65e-009,515
-2.64e-009,521
-2.63e-009,540
-2.62e-009,502
-2.61e-009,517
-2.6e-009,538
-2.59e-009,494
-2.58e-009,514
-2.57e-009,526
-2.56e-009,524
-2.55e-009,491
-2.54e-009,485
-2.53e-009,502
-2.52e-009,534
-2.51e-009,489
-2.5e-009,529
-2.49e-009,469
-2.48e-009,527
-2.47e-009,521
-2.46e-009,485
-2.45e-009,522
-2.44e-009,501
-2.43e-009,489
-2.42e-009,500
-2.41e-009,481
-2.4e-009,511
-2.39e-009,497
-2.38e-009,526
-2.37e-009,520
-2.36e-009,534
-2.35e-009,491
-2.34e-009,495
-2.33e-009,496
-2.32e-009,505
-2.31e-009,556
-2.3e-009,499
-2.29e-009,530
-2.28e-009,563
-2.27e-009,506
-2.26e-009,486
-2.25e-009,520
-2.24e-009,510
-2.23e-009,518
-2.22e-009,529
-2.21e-009,526
-2.2e-009,519
-2.19e-009,542
-2.18e-009,481
-2.17e-009,477
-2.16e-009,546
-2.15e-009,500
-2.14e-009,438
-2.13e-009,528
-2.12e-009,538
-2.11e-009,525
-2.1e-009,476
-2.09e-009,543
-2.08e-009,540
-2.07e-009,524
-2.06e-009,495
-2.05e-009,436
-2.04e-009,480
-2.03e-009,507
-2.02e-009,541
-2.01e-009,485
-2e-009,514
-1.99e-009,506
-1.98e-009,487
-1.97e-009,518
-1.96e-009,489
-1.95e-009,494
-1.94e-009,478
-1.93e-009,492
-1.92e-009,469
-1.91e-009,507
-1.9e-009,474
-1.89e-009,500
-1.88e-009,475
-1.87e-009,526
-1.86e-009,517
-1.85e-009,495
-1.84e-009,501
-1.83e-009,472
-1.82e-009,499
-1.81e-009,460
-1.8e-009,538
-1.79e-009,516
-1.78e-009,495
-1.77e-009,532
-1.76e-009,495
-1.75e-009,495
-1.74e-009,510
-1.73e-009,593
-1.72e-009,511
-1.71e-009,546
-1.7e-009,509
-1.69e-009,488
-1.68e-009,508
-1.67e-009,507
-1.66e-009,526
-1.65e-009,539
-1.64e-009,526
-1.63e-009,494
-1.62e-009,572
-1.61e-009,490
-1.6e-009,489
-1.59e-009,534
-1.58e-009,548
-1.57e-009,515
-1.56e-009,556
-1.55e-009,568
-1.54e-009,535
-1.53e-009,546
-1.52e-009,536
-1.51e-009,560
-1.5e-009,573
-1.49e-009,538
-1.48e-009,529
-1.47e-009,553
-1.46e-009,549
-1.45e-009,530
-1.44e-009,577
-1.43e-009,534
-1.42e-009,573
-1.41e-009,561
-1.4e-009,571
-1.39e-009,562
-1.38e-009,548
-1.37e-009,517
-1.36e-009,537
-1.35e-009,543
-1.34e-009,528
-1.33e-009,579
-1.32e-009,523
-1.31e-009,529
-1.3e-009,550
-1.29e-009,550
-1.28e-009,536
-1.27e-009,558
-1.26e-009,507
-1.25e-009,561
-1.24e-009,567
-1.23e-009,518
-1.22e-009,527
-1.21e-009,495
-1.2e-009,540
-1.19e-009,531
-1.18e-009,509
-1.17e-009,561
-1.16e-009,483
-1.15e-009,457
-1.14e-009,505
-1.13e-009,536
-1.12e-009,501
-1.11e-009,470
-1.1e-009,535
-1.09e-009,480
-1.08e-009,482
-1.07e-009,488
-1.06e-009,474
-1.05e-009,514
-1.04e-009,516
-1.03e-009,483
-1.02e-009,469
-1.01e-009,463
-1e-009,508
-9.9e-010,520
-9.8e-010,481
-9.7e-010,474
-9.6e-010,501
-9.5e-010,530
-9.4e-010,479
-9.3e-010,479
-9.2e-010,494
-9.1e-010,501
-9e-010,464
-8.9e-010,492
-8.8e-010,513
-8.7e-010,501
-8.6e-010,537
-8.5e-010,527
-8.4e-010,437
-8.3e-010,498
-8.2e-010,529
-8.1e-010,513
-8e-010,536
-7.9e-010,509
-7.8e-010,486
-7.7e-010,514
-7.6e-010,488
-7.5e-010,434
-7.4e-010,541
-7.3e-010,532
-7.2e-010,480
-7.1e-010,529
-7e-010,499
-6.9e-010,555
-6.8e-010,523
-6.7e-010,537
-6.6e-010,512
-6.5e-010,511
-6.4e-010,500
-6.3e-010,524
-6.2e-010,520
-6.1e-010,532
-6e-010,545
-5.9e-010,499
-5.8e-010,506
-5.7e-010,507
-5.6e-010,537
-5.5e-010,536
-5.4e-010,594
-5.3e-010,555
-5.2e-010,533
-5.1e-010,617
-5e-010,565
-4.9e-010,544
-4.8e-010,530
-4.7e-010,562
-4.6e-010,538
-4.5e-010,503
-4.4e-010,538
-4.3e-010,425
-4.2e-010,43
-4.1e-010,3
-4e-010,3
-3.9e-010,3
-3.8e-010,1
-3.7e-010,2
-3.6e-010,2
-3.5e-010,4
-3.4e-010,3
-3.3e-010,0
-3.2e-010,3
-3.1e-010,1
-3e-010,2
-2.9e-010,3
-2.8e-010,3
-2.7e-010,2
-2.6e-010,3
-2.5e-010,1
-2.4e-010,2
-2.3e-010,6
-2.2e-010,3
-2.1e-010,2
-2e-010,2
-1.9e-010,3
-1.8e-010,0
-1.7e-010,1
-1.6e-010,0
-1.5e-010,2
-1.4e-010,2
-1.3e-010,0
-1.2e-010,5
-1.1e-010,5
-1e-010,4
-9e-011,4
-8e-011,0
-7e-011,3
-6e-011,2
-5e-011,1
-4e-011,3
-3e-011,1
-2e-011,3
-1e-011,2
-1.0157e-021,3
1e-011,2
2e-011,1
3e-011,5
4e-011,4
5e-011,1
6e-011,1
7e-011,3
8e-011,5
9e-011,3
1e-010,1
1.1e-010,3
1.2e-010,1
1.3e-010,2
1.4e-010,2
1.5e-010,0
1.6e-010,4
1.7e-010,1
1.8e-010,3
1.9e-010,3
2e-010,1
2.1e-010,0
2.2e-010,2
2.3e-010,3
2.4e-010,1
2.5e-010,1
2.6e-010,2
2.7e-010,0
2.8e-010,0
2.9e-010,1
3e-010,4
3.1e-010,6
3.2e-010,1
3.3e-010,2
3.4e-010,2
3.5e-010,4
3.6e-010,4
3.7e-010,1
3.8e-010,4
3.9e-010,0
4e-010,2
4.1e-010,0
4.2e-010,2
4.3e-010,0
4.4e-010,3
4.5e-010,1
4.6e-010,3
4.7e-010,1
4.8e-010,1
4.9e-010,2
5e-010,1
5.1e-010,2
5.2e-010,1
5.3e-010,1
5.4e-010,4
5.5e-010,3
5.6e-010,1
5.7e-010,3
5.8e-010,4
5.9e-010,1
6e-010,1
6.1e-010,1
6.2e-010,3
6.3e-010,1
6.4e-010,1
6.5e-010,1
6.6e-010,3
6.7e-010,2
6.8e-010,3
6.9e-010,5
7e-010,3
7.1e-010,6
7.2e-010,3
7.3e-010,4
7.4e-010,3
7.5e-010,1
7.6e-010,3
7.7e-010,3
7.8e-010,3
7.9e-010,2
8e-010,0
8.1e-010,3
8.2e-010,3
8.3e-010,0
8.4e-010,1
8.5e-010,3
8.6e-010,2
8.7e-010,4
8.8e-010,3
8.9e-010,4
9e-010,2
9.1e-010,1
9.2e-010,2
9.3e-010,3
9.4e-010,2
9.5e-010,6
9.6e-010,3
9.7e-010,1
9.8e-010,2
9.9e-010,4
1e-009,3
1.01e-009,1
1.02e-009,3
1.03e-009,3
1.04e-009,6
1.05e-009,3
1.06e-009,4
1.07e-009,3
1.08e-009,3
1.09e-009,2
1.1e-009,2
1.11e-009,1
1.12e-009,1
1.13e-009,3
1.14e-009,1
1.15e-009,1
1.16e-009,1
1.17e-009,2
1.18e-009,1
1.19e-009,2
1.2e-009,5
1.21e-009,2
1.22e-009,1
1.23e-009,3
1.24e-009,3
1.25e-009,4
1.26e-009,4
1.27e-009,2
1.28e-009,6
1.29e-009,3
1.3e-009,2
1.31e-009,4
1.32e-009,7
1.33e-009,3
1.34e-009,1
1.35e-009,4
1.36e-009,5
1.37e-009,0
1.38e-009,0
1.39e-009,3
1.4e-009,1
1.41e-009,6
1.42e-009,3
1.43e-009,2
1.44e-009,1
1.45e-009,0
1.46e-009,3
1.47e-009,1
1.48e-009,5
1.49e-009,2
1.5e-009,2
1.51e-009,1
1.52e-009,6
1.53e-009,1
1.54e-009,2
1.55e-009,1
1.56e-009,2
1.57e-009,3
1.58e-009,3
1.59e-009,5
1.6e-009,0
1.61e-009,2
1.62e-009,2
1.63e-009,3
1.64e-009,0
1.65e-009,2
1.66e-009,2
1.67e-009,1
1.68e-009,3
1.69e-009,2
1.7e-009,1
1.71e-009,2
1.72e-009,1
1.73e-009,1
1.74e-009,4
1.75e-009,2
1.76e-009,1
1.77e-009,1
1.78e-009,5
1.79e-009,2
1.8e-009,5
1.81e-009,1
1.82e-009,3
1.83e-009,2
1.84e-009,2
1.85e-009,0
1.86e-009,1
1.87e-009,1
1.88e-009,2
1.89e-009,3
1.9e-009,6
1.91e-009,3
1.92e-009,2
1.93e-009,2
1.94e-009,3
1.95e-009,2
1.96e-009,0
1.97e-009,4
1.98e-009,2
1.99e-009,2
2e-009,4
2.01e-009,4
2.02e-009,3
2.03e-009,3
2.04e-009,3
2.05e-009,7
2.06e-009,3
2.07e-009,4
2.08e-009,2
2.09e-009,2
2.1e-009,3
2.11e-009,4
2.12e-009,2
2.13e-009,3
2.14e-009,2
2.15e-009,6
2.16e-009,2
2.17e-009,0
2.18e-009,2
2.19e-009,1
2.2e-009,3
2.21e-009,5
2.22e-009,1
2.23e-009,3
2.24e-009,4
2.25e-009,1
2.26e-009,1
2.27e-009,3
2.28e-009,5
2.29e-009,1
2.3e-009,4
2.31e-009,4
2.32e-009,2
2.33e-009,3
2.34e-009,2
2.35e-009,8
2.36e-009,3
2.37e-009,3
2.38e-009,2
2.39e-009,3
2.4e-009,1
2.41e-009,3
2.42e-009,4
2.43e-009,1
2.44e-009,0
2.45e-009,1
2.46e-009,3
2.47e-009,1
2.48e-009,2
2.49e-009,2
2.5e-009,2
2.51e-009,4
2.52e-009,4
2.53e-009,2
2.54e-009,3
2.55e-009,4
2.56e-009,2
2.57e-009,6
2.58e-009,2
2.59e-009,3
2.6e-009,3
2.61e-009,4
2.62e-009,5
2.63e-009,1
2.64e-009,5
2.65e-009,2
2.66e-009,1
2.67e-009,3
2.68e-009,5
2.69e-009,1
2.7e-009,2
2.71e-009,1
2.72e-009,2
2.73e-009,5
2.74e-009,5
2.75e-009,2
2.76e-009,3
2.77e-009,1
2.78e-009,1
2.79e-009,2
2.8e-009,1
2.81e-009,2
2.82e-009,2
2.83e-009,3
2.84e-009,2
2.85e-009,4
2.86e-009,1
2.87e-009,2
2.88e-009,3
2.89e-009,4
2.9e-009,0
2.91e-009,6
2.92e-009,1
2.93e-009,5
2.94e-009,1
2.95e-009,2
2.96e-009,1
2.97e-009,3
2.98e-009,2
2.99e-009,2
3e-009,3
3.01e-009,1
3.02e-009,5
3.03e-009,1
3.04e-009,3
3.05e-009,6
3.06e-009,4
3.07e-009,9
3.08e-009,3
3.09e-009,4
3.1e-009,3
3.11e-009,2
3.12e-009,3
3.13e-009,2
3.14e-009,2
3.15e-009,3
3.16e-009,1
3.17e-009,1
3.18e-009,1
3.19e-009,2
3.2e-009,3
3.21e-009,2
3.22e-009,1
3.23e-009,5
3.24e-009,2
3.25e-009,0
3.26e-009,1
3.27e-009,7
3.28e-009,1
3.29e-009,0
3.3e-009,1
3.31e-009,0
3.32e-009,4
3.33e-009,1
3.34e-009,2
3.35e-009,0
3.36e-009,0
3.37e-009,3
3.38e-009,8
3.39e-009,0
3.4e-009,3
3.41e-009,6
3.42e-009,8
3.43e-009,4
3.44e-009,2
3.45e-009,4
3.46e-009,1
3.47e-009,4
3.48e-009,7
3.49e-009,1
3.5e-009,0
3.51e-009,4
3.52e-009,4
3.53e-009,5
3.54e-009,2
3.55e-009,4
3.56e-009,4
3.57e-009,4
3.58e-009,3
3.59e-009,5
3.6e-009,3
3.61e-009,2
3.62e-009,3
3.63e-009,3
3.64e-009,6
3.65e-009,3
3.66e-009,3
3.67e-009,4
3.68e-009,3
3.69e-009,0
3.7e-009,4
3.71e-009,0
3.72e-009,0
3.73e-009,1
3.74e-009,4
3.75e-009,1
3.76e-009,5
3.77e-009,4
3.78e-009,5
3.79e-009,1
3.8e-009,2
3.81e-009,4
3.82e-009,2
3.83e-009,2
3.84e-009,2
3.85e-009,0
3.86e-009,5
3.87e-009,2
3.88e-009,2
3.89e-009,0
3.9e-009,3
3.91e-009,3
3.92e-009,1
3.93e-009,1
3.94e-009,0
3.95e-009,2
3.96e-009,3
3.97e-009,2
3.98e-009,2
3.99e-009,2
4e-009,1
4.01e-009,6
4.02e-009,4
4.03e-009,1
4.04e-009,0
4.05e-009,0
4.06e-009,1
4.07e-009,1
4.08e-009,0
4.09e-009,3
4.1e-009,2
4.11e-009,2
4.12e-009,2
4.13e-009,5
4.14e-009,0
4.15e-009,4
4.16e-009,2
4.17e-009,1
4.18e-009,2
4.19e-009,3
4.2e-009,2
4.21e-009,0
4.22e-009,2
4.23e-009,2
4.24e-009,1
4.25e-009,2
4.26e-009,1
4.27e-009,4
4.28e-009,4
4.29e-009,1
4.3e-009,3
4.31e-009,1
4.32e-009,4
4.33e-009,4
4.34e-009,2
4.35e-009,3
4.36e-009,3
4.37e-009,2
4.38e-009,1
4.39e-009,1
4.4e-009,5
4.41e-009,2
4.42e-009,5
4.43e-009,3
4.44e-009,1
4.45e-009,3
4.46e-009,2
4.47e-009,2
4.48e-009,3
4.49e-009,2
4.5e-009,3
4.51e-009,5
4.52e-009,6
4.53e-009,5
4.54e-009,6
4.55e-009,3
4.56e-009,5
4.57e-009,5
4.58e-009,2
4.59e-009,6
4.6e-009,3
4.61e-009,6
4.62e-009,2
4.63e-009,3
4.64e-009,3
4.65e-009,3
4.66e-009,6
4.67e-009,2
4.68e-009,4
4.69e-009,2
4.7e-009,3
4.71e-009,7
4.72e-009,3
4.73e-009,7
4.74e-009,1
4.75e-009,3
4.76e-009,0
4.77e-009,2
4.78e-009,1
4.79e-009,5
4.8e-009,0
4.81e-009,2
4.82e-009,1
4.83e-009,3
4.84e-009,4
4.85e-009,2
4.86e-009,7
4.87e-009,3
4.88e-009,2
4.89e-009,2
4.9e-009,5
4.91e-009,2
4.92e-009,2
4.93e-009,2
4.94e-009,3
4.95e-009,1
4.96e-009,2
4.97e-009,0
4.98e-009,0
4.99e-009,0
