LECROYWaveRunnerøP,20728,Histogram
Segments,1,SegmentSize,5000
Segment,TrigTime,TimeSinceSegment1
#1,06-Jun-2017 01:59:55,0                 
Time,Ampl
-1e-007,0
-9.998e-008,0
-9.996e-008,0
-9.994e-008,0
-9.992e-008,0
-9.99e-008,0
-9.988e-008,0
-9.986e-008,0
-9.984e-008,0
-9.982e-008,0
-9.98e-008,0
-9.978e-008,0
-9.976e-008,0
-9.974e-008,0
-9.972e-008,0
-9.97e-008,0
-9.968e-008,0
-9.966e-008,0
-9.964e-008,0
-9.962e-008,0
-9.96e-008,0
-9.958e-008,0
-9.956e-008,0
-9.954e-008,0
-9.952e-008,0
-9.95e-008,0
-9.948e-008,0
-9.946e-008,0
-9.944e-008,0
-9.942e-008,0
-9.94e-008,0
-9.938e-008,0
-9.936e-008,0
-9.934e-008,0
-9.932e-008,0
-9.93e-008,0
-9.928e-008,0
-9.926e-008,0
-9.924e-008,0
-9.922e-008,0
-9.92e-008,0
-9.918e-008,0
-9.916e-008,0
-9.914e-008,0
-9.912e-008,0
-9.91e-008,0
-9.908e-008,0
-9.906e-008,0
-9.904e-008,0
-9.902e-008,0
-9.9e-008,0
-9.898e-008,0
-9.896e-008,0
-9.894e-008,0
-9.892e-008,0
-9.89e-008,0
-9.888e-008,0
-9.886e-008,0
-9.884e-008,0
-9.882e-008,0
-9.88e-008,0
-9.878e-008,0
-9.876e-008,0
-9.874e-008,0
-9.872e-008,0
-9.87e-008,0
-9.868e-008,0
-9.866e-008,0
-9.864e-008,0
-9.862e-008,0
-9.86e-008,0
-9.858e-008,0
-9.856e-008,0
-9.854e-008,0
-9.852e-008,0
-9.85e-008,0
-9.848e-008,0
-9.846e-008,0
-9.844e-008,0
-9.842e-008,0
-9.84e-008,0
-9.838e-008,0
-9.836e-008,0
-9.834e-008,0
-9.832e-008,0
-9.83e-008,0
-9.828e-008,0
-9.826e-008,0
-9.824e-008,0
-9.822e-008,0
-9.82e-008,0
-9.818e-008,0
-9.816e-008,0
-9.814e-008,0
-9.812e-008,0
-9.81e-008,0
-9.808e-008,0
-9.806e-008,0
-9.804e-008,0
-9.802e-008,0
-9.8e-008,0
-9.798e-008,0
-9.796e-008,0
-9.794e-008,0
-9.792e-008,0
-9.79e-008,0
-9.788e-008,0
-9.786e-008,0
-9.784e-008,0
-9.782e-008,0
-9.78e-008,0
-9.778e-008,0
-9.776e-008,0
-9.774e-008,0
-9.772e-008,0
-9.77e-008,0
-9.768e-008,0
-9.766e-008,0
-9.764e-008,0
-9.762e-008,0
-9.76e-008,0
-9.758e-008,0
-9.756e-008,0
-9.754e-008,0
-9.752e-008,0
-9.75e-008,0
-9.748e-008,0
-9.746e-008,0
-9.744e-008,0
-9.742e-008,0
-9.74e-008,0
-9.738e-008,0
-9.736e-008,0
-9.734e-008,0
-9.732e-008,0
-9.73e-008,0
-9.728e-008,0
-9.726e-008,0
-9.724e-008,0
-9.722e-008,0
-9.72e-008,0
-9.718e-008,0
-9.716e-008,0
-9.714e-008,0
-9.712e-008,0
-9.71e-008,0
-9.708e-008,0
-9.706e-008,0
-9.704e-008,0
-9.702e-008,0
-9.7e-008,0
-9.698e-008,0
-9.696e-008,0
-9.694e-008,0
-9.692e-008,0
-9.69e-008,0
-9.688e-008,0
-9.686e-008,0
-9.684e-008,0
-9.682e-008,0
-9.68e-008,0
-9.678e-008,0
-9.676e-008,0
-9.674e-008,0
-9.672e-008,0
-9.67e-008,0
-9.668e-008,0
-9.666e-008,0
-9.664e-008,0
-9.662e-008,0
-9.66e-008,0
-9.658e-008,0
-9.656e-008,0
-9.654e-008,0
-9.652e-008,0
-9.65e-008,0
-9.648e-008,0
-9.646e-008,0
-9.644e-008,0
-9.642e-008,0
-9.64e-008,0
-9.638e-008,0
-9.636e-008,0
-9.634e-008,0
-9.632e-008,0
-9.63e-008,0
-9.628e-008,0
-9.626e-008,0
-9.624e-008,0
-9.622e-008,0
-9.62e-008,0
-9.618e-008,0
-9.616e-008,0
-9.614e-008,0
-9.612e-008,0
-9.61e-008,0
-9.608e-008,0
-9.606e-008,0
-9.604e-008,0
-9.602e-008,0
-9.6e-008,0
-9.598e-008,0
-9.596e-008,0
-9.594e-008,0
-9.592e-008,0
-9.59e-008,0
-9.588e-008,0
-9.586e-008,0
-9.584e-008,0
-9.582e-008,0
-9.58e-008,0
-9.578e-008,0
-9.576e-008,0
-9.574e-008,0
-9.572e-008,0
-9.57e-008,0
-9.568e-008,0
-9.566e-008,0
-9.564e-008,0
-9.562e-008,0
-9.56e-008,0
-9.558e-008,0
-9.556e-008,0
-9.554e-008,0
-9.552e-008,0
-9.55e-008,0
-9.548e-008,0
-9.546e-008,0
-9.544e-008,0
-9.542e-008,0
-9.54e-008,0
-9.538e-008,0
-9.536e-008,0
-9.534e-008,0
-9.532e-008,0
-9.53e-008,0
-9.528e-008,0
-9.526e-008,0
-9.524e-008,0
-9.522e-008,0
-9.52e-008,0
-9.518e-008,0
-9.516e-008,0
-9.514e-008,0
-9.512e-008,0
-9.51e-008,0
-9.508e-008,0
-9.506e-008,0
-9.504e-008,0
-9.502e-008,0
-9.5e-008,0
-9.498e-008,0
-9.496e-008,0
-9.494e-008,0
-9.492e-008,0
-9.49e-008,0
-9.488e-008,0
-9.486e-008,0
-9.484e-008,0
-9.482e-008,0
-9.48e-008,0
-9.478e-008,0
-9.476e-008,0
-9.474e-008,0
-9.472e-008,0
-9.47e-008,0
-9.468e-008,0
-9.466e-008,0
-9.464e-008,0
-9.462e-008,0
-9.46e-008,0
-9.458e-008,0
-9.456e-008,0
-9.454e-008,0
-9.452e-008,0
-9.45e-008,0
-9.448e-008,0
-9.446e-008,0
-9.444e-008,0
-9.442e-008,0
-9.44e-008,0
-9.438e-008,0
-9.436e-008,0
-9.434e-008,0
-9.432e-008,0
-9.43e-008,0
-9.428e-008,0
-9.426e-008,0
-9.424e-008,0
-9.422e-008,0
-9.42e-008,0
-9.418e-008,0
-9.416e-008,0
-9.414e-008,0
-9.412e-008,0
-9.41e-008,0
-9.408e-008,0
-9.406e-008,0
-9.404e-008,0
-9.402e-008,0
-9.4e-008,0
-9.398e-008,0
-9.396e-008,0
-9.394e-008,0
-9.392e-008,0
-9.39e-008,0
-9.388e-008,0
-9.386e-008,0
-9.384e-008,0
-9.382e-008,0
-9.38e-008,0
-9.378e-008,0
-9.376e-008,0
-9.374e-008,0
-9.372e-008,0
-9.37e-008,0
-9.368e-008,0
-9.366e-008,0
-9.364e-008,0
-9.362e-008,0
-9.36e-008,0
-9.358e-008,0
-9.356e-008,0
-9.354e-008,0
-9.352e-008,0
-9.35e-008,0
-9.348e-008,0
-9.346e-008,0
-9.344e-008,0
-9.342e-008,0
-9.34e-008,0
-9.338e-008,0
-9.336e-008,0
-9.334e-008,0
-9.332e-008,0
-9.33e-008,0
-9.328e-008,0
-9.326e-008,0
-9.324e-008,0
-9.322e-008,0
-9.32e-008,0
-9.318e-008,0
-9.316e-008,0
-9.314e-008,0
-9.312e-008,0
-9.31e-008,0
-9.308e-008,0
-9.306e-008,0
-9.304e-008,0
-9.302e-008,0
-9.3e-008,0
-9.298e-008,0
-9.296e-008,0
-9.294e-008,0
-9.292e-008,0
-9.29e-008,0
-9.288e-008,0
-9.286e-008,0
-9.284e-008,0
-9.282e-008,0
-9.28e-008,0
-9.278e-008,0
-9.276e-008,0
-9.274e-008,0
-9.272e-008,0
-9.27e-008,0
-9.268e-008,0
-9.266e-008,0
-9.264e-008,0
-9.262e-008,0
-9.26e-008,0
-9.258e-008,0
-9.256e-008,0
-9.254e-008,0
-9.252e-008,0
-9.25e-008,0
-9.248e-008,0
-9.246e-008,0
-9.244e-008,0
-9.242e-008,0
-9.24e-008,0
-9.238e-008,0
-9.236e-008,0
-9.234e-008,0
-9.232e-008,0
-9.23e-008,0
-9.228e-008,0
-9.226e-008,0
-9.224e-008,0
-9.222e-008,0
-9.22e-008,0
-9.218e-008,0
-9.216e-008,0
-9.214e-008,0
-9.212e-008,0
-9.21e-008,0
-9.208e-008,0
-9.206e-008,0
-9.204e-008,0
-9.202e-008,0
-9.2e-008,0
-9.198e-008,0
-9.196e-008,0
-9.194e-008,0
-9.192e-008,0
-9.19e-008,0
-9.188e-008,0
-9.186e-008,0
-9.184e-008,0
-9.182e-008,0
-9.18e-008,0
-9.178e-008,0
-9.176e-008,0
-9.174e-008,0
-9.172e-008,0
-9.17e-008,0
-9.168e-008,0
-9.166e-008,0
-9.164e-008,0
-9.162e-008,0
-9.16e-008,0
-9.158e-008,0
-9.156e-008,0
-9.154e-008,0
-9.152e-008,0
-9.15e-008,0
-9.148e-008,0
-9.146e-008,0
-9.144e-008,0
-9.142e-008,0
-9.14e-008,0
-9.138e-008,0
-9.136e-008,0
-9.134e-008,0
-9.132e-008,0
-9.13e-008,0
-9.128e-008,0
-9.126e-008,0
-9.124e-008,0
-9.122e-008,0
-9.12e-008,0
-9.118e-008,0
-9.116e-008,0
-9.114e-008,0
-9.112e-008,0
-9.11e-008,0
-9.108e-008,0
-9.106e-008,0
-9.104e-008,0
-9.102e-008,0
-9.1e-008,0
-9.098e-008,0
-9.096e-008,0
-9.094e-008,0
-9.092e-008,0
-9.09e-008,0
-9.088e-008,0
-9.086e-008,0
-9.084e-008,0
-9.082e-008,0
-9.08e-008,0
-9.078e-008,0
-9.076e-008,0
-9.074e-008,0
-9.072e-008,0
-9.07e-008,0
-9.068e-008,0
-9.066e-008,0
-9.064e-008,0
-9.062e-008,0
-9.06e-008,0
-9.058e-008,0
-9.056e-008,0
-9.054e-008,0
-9.052e-008,0
-9.05e-008,0
-9.048e-008,0
-9.046e-008,0
-9.044e-008,0
-9.042e-008,0
-9.04e-008,0
-9.038e-008,0
-9.036e-008,0
-9.034e-008,0
-9.032e-008,0
-9.03e-008,0
-9.028e-008,0
-9.026e-008,0
-9.024e-008,0
-9.022e-008,0
-9.02e-008,0
-9.018e-008,0
-9.016e-008,0
-9.014e-008,0
-9.012e-008,0
-9.01e-008,0
-9.008e-008,0
-9.006e-008,0
-9.004e-008,0
-9.002e-008,0
-9e-008,0
-8.998e-008,0
-8.996e-008,0
-8.994e-008,0
-8.992e-008,0
-8.99e-008,0
-8.988e-008,0
-8.986e-008,0
-8.984e-008,0
-8.982e-008,0
-8.98e-008,0
-8.978e-008,0
-8.976e-008,0
-8.974e-008,0
-8.972e-008,0
-8.97e-008,0
-8.968e-008,0
-8.966e-008,0
-8.964e-008,0
-8.962e-008,0
-8.96e-008,0
-8.958e-008,0
-8.956e-008,0
-8.954e-008,0
-8.952e-008,0
-8.95e-008,0
-8.948e-008,0
-8.946e-008,0
-8.944e-008,0
-8.942e-008,0
-8.94e-008,0
-8.938e-008,0
-8.936e-008,0
-8.934e-008,0
-8.932e-008,0
-8.93e-008,0
-8.928e-008,0
-8.926e-008,0
-8.924e-008,0
-8.922e-008,0
-8.92e-008,0
-8.918e-008,0
-8.916e-008,0
-8.914e-008,0
-8.912e-008,0
-8.91e-008,0
-8.908e-008,0
-8.906e-008,0
-8.904e-008,0
-8.902e-008,0
-8.9e-008,0
-8.898e-008,0
-8.896e-008,0
-8.894e-008,0
-8.892e-008,0
-8.89e-008,0
-8.888e-008,0
-8.886e-008,0
-8.884e-008,0
-8.882e-008,0
-8.88e-008,0
-8.878e-008,0
-8.876e-008,0
-8.874e-008,0
-8.872e-008,0
-8.87e-008,0
-8.868e-008,0
-8.866e-008,0
-8.864e-008,0
-8.862e-008,0
-8.86e-008,0
-8.858e-008,0
-8.856e-008,0
-8.854e-008,0
-8.852e-008,0
-8.85e-008,0
-8.848e-008,0
-8.846e-008,0
-8.844e-008,0
-8.842e-008,0
-8.84e-008,0
-8.838e-008,0
-8.836e-008,0
-8.834e-008,0
-8.832e-008,0
-8.83e-008,0
-8.828e-008,0
-8.826e-008,0
-8.824e-008,0
-8.822e-008,0
-8.82e-008,0
-8.818e-008,0
-8.816e-008,0
-8.814e-008,0
-8.812e-008,0
-8.81e-008,0
-8.808e-008,0
-8.806e-008,0
-8.804e-008,0
-8.802e-008,0
-8.8e-008,0
-8.798e-008,0
-8.796e-008,0
-8.794e-008,0
-8.792e-008,0
-8.79e-008,0
-8.788e-008,0
-8.786e-008,0
-8.784e-008,0
-8.782e-008,0
-8.78e-008,0
-8.778e-008,0
-8.776e-008,0
-8.774e-008,0
-8.772e-008,0
-8.77e-008,0
-8.768e-008,0
-8.766e-008,0
-8.764e-008,0
-8.762e-008,0
-8.76e-008,0
-8.758e-008,0
-8.756e-008,0
-8.754e-008,0
-8.752e-008,0
-8.75e-008,0
-8.748e-008,0
-8.746e-008,0
-8.744e-008,0
-8.742e-008,0
-8.74e-008,0
-8.738e-008,0
-8.736e-008,0
-8.734e-008,0
-8.732e-008,0
-8.73e-008,0
-8.728e-008,0
-8.726e-008,0
-8.724e-008,0
-8.722e-008,0
-8.72e-008,0
-8.718e-008,0
-8.716e-008,0
-8.714e-008,0
-8.712e-008,0
-8.71e-008,0
-8.708e-008,0
-8.706e-008,0
-8.704e-008,0
-8.702e-008,0
-8.7e-008,0
-8.698e-008,0
-8.696e-008,0
-8.694e-008,0
-8.692e-008,0
-8.69e-008,0
-8.688e-008,0
-8.686e-008,0
-8.684e-008,0
-8.682e-008,0
-8.68e-008,0
-8.678e-008,0
-8.676e-008,0
-8.674e-008,0
-8.672e-008,0
-8.67e-008,0
-8.668e-008,0
-8.666e-008,0
-8.664e-008,0
-8.662e-008,0
-8.66e-008,0
-8.658e-008,0
-8.656e-008,0
-8.654e-008,0
-8.652e-008,0
-8.65e-008,0
-8.648e-008,0
-8.646e-008,0
-8.644e-008,0
-8.642e-008,0
-8.64e-008,0
-8.638e-008,0
-8.636e-008,0
-8.634e-008,0
-8.632e-008,0
-8.63e-008,0
-8.628e-008,0
-8.626e-008,0
-8.624e-008,0
-8.622e-008,0
-8.62e-008,0
-8.618e-008,0
-8.616e-008,0
-8.614e-008,0
-8.612e-008,0
-8.61e-008,0
-8.608e-008,0
-8.606e-008,0
-8.604e-008,0
-8.602e-008,0
-8.6e-008,0
-8.598e-008,0
-8.596e-008,0
-8.594e-008,0
-8.592e-008,0
-8.59e-008,0
-8.588e-008,0
-8.586e-008,0
-8.584e-008,0
-8.582e-008,0
-8.58e-008,0
-8.578e-008,0
-8.576e-008,0
-8.574e-008,0
-8.572e-008,0
-8.57e-008,0
-8.568e-008,0
-8.566e-008,0
-8.564e-008,0
-8.562e-008,0
-8.56e-008,0
-8.558e-008,0
-8.556e-008,0
-8.554e-008,0
-8.552e-008,0
-8.55e-008,0
-8.548e-008,0
-8.546e-008,0
-8.544e-008,0
-8.542e-008,0
-8.54e-008,0
-8.538e-008,0
-8.536e-008,0
-8.534e-008,0
-8.532e-008,0
-8.53e-008,0
-8.528e-008,0
-8.526e-008,0
-8.524e-008,0
-8.522e-008,0
-8.52e-008,0
-8.518e-008,0
-8.516e-008,0
-8.514e-008,0
-8.512e-008,0
-8.51e-008,0
-8.508e-008,0
-8.506e-008,0
-8.504e-008,0
-8.502e-008,0
-8.5e-008,0
-8.498e-008,0
-8.496e-008,0
-8.494e-008,0
-8.492e-008,0
-8.49e-008,0
-8.488e-008,0
-8.486e-008,0
-8.484e-008,0
-8.482e-008,0
-8.48e-008,0
-8.478e-008,0
-8.476e-008,0
-8.474e-008,0
-8.472e-008,0
-8.47e-008,0
-8.468e-008,0
-8.466e-008,0
-8.464e-008,0
-8.462e-008,0
-8.46e-008,0
-8.458e-008,0
-8.456e-008,0
-8.454e-008,0
-8.452e-008,0
-8.45e-008,0
-8.448e-008,0
-8.446e-008,0
-8.444e-008,0
-8.442e-008,0
-8.44e-008,0
-8.438e-008,0
-8.436e-008,0
-8.434e-008,0
-8.432e-008,0
-8.43e-008,0
-8.428e-008,0
-8.426e-008,0
-8.424e-008,0
-8.422e-008,0
-8.42e-008,0
-8.418e-008,0
-8.416e-008,0
-8.414e-008,0
-8.412e-008,0
-8.41e-008,0
-8.408e-008,0
-8.406e-008,0
-8.404e-008,0
-8.402e-008,0
-8.4e-008,0
-8.398e-008,0
-8.396e-008,0
-8.394e-008,0
-8.392e-008,0
-8.39e-008,0
-8.388e-008,0
-8.386e-008,0
-8.384e-008,0
-8.382e-008,0
-8.38e-008,0
-8.378e-008,0
-8.376e-008,0
-8.374e-008,0
-8.372e-008,0
-8.37e-008,0
-8.368e-008,0
-8.366e-008,0
-8.364e-008,0
-8.362e-008,0
-8.36e-008,0
-8.358e-008,0
-8.356e-008,0
-8.354e-008,0
-8.352e-008,0
-8.35e-008,0
-8.348e-008,0
-8.346e-008,0
-8.344e-008,0
-8.342e-008,0
-8.34e-008,0
-8.338e-008,0
-8.336e-008,0
-8.334e-008,0
-8.332e-008,0
-8.33e-008,0
-8.328e-008,0
-8.326e-008,0
-8.324e-008,0
-8.322e-008,0
-8.32e-008,0
-8.318e-008,0
-8.316e-008,0
-8.314e-008,0
-8.312e-008,0
-8.31e-008,0
-8.308e-008,0
-8.306e-008,0
-8.304e-008,0
-8.302e-008,0
-8.3e-008,0
-8.298e-008,0
-8.296e-008,0
-8.294e-008,0
-8.292e-008,0
-8.29e-008,0
-8.288e-008,0
-8.286e-008,0
-8.284e-008,0
-8.282e-008,0
-8.28e-008,0
-8.278e-008,0
-8.276e-008,0
-8.274e-008,0
-8.272e-008,0
-8.27e-008,0
-8.268e-008,0
-8.266e-008,0
-8.264e-008,0
-8.262e-008,0
-8.26e-008,0
-8.258e-008,0
-8.256e-008,0
-8.254e-008,0
-8.252e-008,0
-8.25e-008,0
-8.248e-008,0
-8.246e-008,0
-8.244e-008,0
-8.242e-008,0
-8.24e-008,0
-8.238e-008,0
-8.236e-008,0
-8.234e-008,0
-8.232e-008,0
-8.23e-008,0
-8.228e-008,0
-8.226e-008,0
-8.224e-008,0
-8.222e-008,0
-8.22e-008,0
-8.218e-008,0
-8.216e-008,0
-8.214e-008,0
-8.212e-008,0
-8.21e-008,0
-8.208e-008,0
-8.206e-008,0
-8.204e-008,0
-8.202e-008,0
-8.2e-008,0
-8.198e-008,0
-8.196e-008,0
-8.194e-008,0
-8.192e-008,0
-8.19e-008,0
-8.188e-008,0
-8.186e-008,0
-8.184e-008,0
-8.182e-008,0
-8.18e-008,0
-8.178e-008,0
-8.176e-008,0
-8.174e-008,0
-8.172e-008,0
-8.17e-008,0
-8.168e-008,0
-8.166e-008,0
-8.164e-008,0
-8.162e-008,0
-8.16e-008,0
-8.158e-008,0
-8.156e-008,0
-8.154e-008,0
-8.152e-008,0
-8.15e-008,0
-8.148e-008,0
-8.146e-008,0
-8.144e-008,0
-8.142e-008,0
-8.14e-008,0
-8.138e-008,0
-8.136e-008,0
-8.134e-008,0
-8.132e-008,0
-8.13e-008,0
-8.128e-008,0
-8.126e-008,0
-8.124e-008,0
-8.122e-008,0
-8.12e-008,0
-8.118e-008,0
-8.116e-008,0
-8.114e-008,0
-8.112e-008,0
-8.11e-008,0
-8.108e-008,0
-8.106e-008,0
-8.104e-008,0
-8.102e-008,0
-8.1e-008,0
-8.098e-008,0
-8.096e-008,0
-8.094e-008,0
-8.092e-008,0
-8.09e-008,0
-8.088e-008,0
-8.086e-008,0
-8.084e-008,0
-8.082e-008,0
-8.08e-008,0
-8.078e-008,0
-8.076e-008,0
-8.074e-008,0
-8.072e-008,0
-8.07e-008,0
-8.068e-008,0
-8.066e-008,0
-8.064e-008,0
-8.062e-008,0
-8.06e-008,0
-8.058e-008,0
-8.056e-008,0
-8.054e-008,0
-8.052e-008,0
-8.05e-008,0
-8.048e-008,0
-8.046e-008,0
-8.044e-008,0
-8.042e-008,0
-8.04e-008,0
-8.038e-008,0
-8.036e-008,0
-8.034e-008,0
-8.032e-008,0
-8.03e-008,0
-8.028e-008,0
-8.026e-008,0
-8.024e-008,0
-8.022e-008,0
-8.02e-008,0
-8.018e-008,0
-8.016e-008,0
-8.014e-008,0
-8.012e-008,0
-8.01e-008,0
-8.008e-008,0
-8.006e-008,0
-8.004e-008,0
-8.002e-008,0
-8e-008,0
-7.998e-008,0
-7.996e-008,0
-7.994e-008,0
-7.992e-008,0
-7.99e-008,0
-7.988e-008,0
-7.986e-008,0
-7.984e-008,0
-7.982e-008,0
-7.98e-008,0
-7.978e-008,0
-7.976e-008,0
-7.974e-008,0
-7.972e-008,0
-7.97e-008,0
-7.968e-008,0
-7.966e-008,0
-7.964e-008,0
-7.962e-008,0
-7.96e-008,0
-7.958e-008,0
-7.956e-008,0
-7.954e-008,0
-7.952e-008,0
-7.95e-008,0
-7.948e-008,0
-7.946e-008,0
-7.944e-008,0
-7.942e-008,0
-7.94e-008,0
-7.938e-008,0
-7.936e-008,0
-7.934e-008,0
-7.932e-008,0
-7.93e-008,0
-7.928e-008,0
-7.926e-008,0
-7.924e-008,0
-7.922e-008,0
-7.92e-008,0
-7.918e-008,0
-7.916e-008,0
-7.914e-008,0
-7.912e-008,0
-7.91e-008,0
-7.908e-008,0
-7.906e-008,0
-7.904e-008,0
-7.902e-008,0
-7.9e-008,0
-7.898e-008,0
-7.896e-008,0
-7.894e-008,0
-7.892e-008,0
-7.89e-008,0
-7.888e-008,0
-7.886e-008,0
-7.884e-008,0
-7.882e-008,0
-7.88e-008,0
-7.878e-008,0
-7.876e-008,0
-7.874e-008,0
-7.872e-008,0
-7.87e-008,0
-7.868e-008,0
-7.866e-008,0
-7.864e-008,0
-7.862e-008,0
-7.86e-008,0
-7.858e-008,0
-7.856e-008,0
-7.854e-008,0
-7.852e-008,0
-7.85e-008,0
-7.848e-008,0
-7.846e-008,0
-7.844e-008,0
-7.842e-008,0
-7.84e-008,0
-7.838e-008,0
-7.836e-008,0
-7.834e-008,0
-7.832e-008,0
-7.83e-008,0
-7.828e-008,0
-7.826e-008,0
-7.824e-008,0
-7.822e-008,0
-7.82e-008,0
-7.818e-008,0
-7.816e-008,0
-7.814e-008,0
-7.812e-008,0
-7.81e-008,0
-7.808e-008,0
-7.806e-008,0
-7.804e-008,0
-7.802e-008,0
-7.8e-008,0
-7.798e-008,0
-7.796e-008,0
-7.794e-008,0
-7.792e-008,0
-7.79e-008,0
-7.788e-008,0
-7.786e-008,0
-7.784e-008,0
-7.782e-008,0
-7.78e-008,0
-7.778e-008,0
-7.776e-008,0
-7.774e-008,0
-7.772e-008,0
-7.77e-008,0
-7.768e-008,0
-7.766e-008,0
-7.764e-008,0
-7.762e-008,0
-7.76e-008,0
-7.758e-008,0
-7.756e-008,0
-7.754e-008,0
-7.752e-008,0
-7.75e-008,0
-7.748e-008,0
-7.746e-008,0
-7.744e-008,0
-7.742e-008,0
-7.74e-008,0
-7.738e-008,0
-7.736e-008,0
-7.734e-008,0
-7.732e-008,0
-7.73e-008,0
-7.728e-008,0
-7.726e-008,0
-7.724e-008,0
-7.722e-008,0
-7.72e-008,0
-7.718e-008,0
-7.716e-008,0
-7.714e-008,0
-7.712e-008,0
-7.71e-008,0
-7.708e-008,0
-7.706e-008,0
-7.704e-008,0
-7.702e-008,0
-7.7e-008,0
-7.698e-008,0
-7.696e-008,0
-7.694e-008,0
-7.692e-008,0
-7.69e-008,0
-7.688e-008,0
-7.686e-008,0
-7.684e-008,0
-7.682e-008,0
-7.68e-008,0
-7.678e-008,0
-7.676e-008,0
-7.674e-008,0
-7.672e-008,0
-7.67e-008,0
-7.668e-008,0
-7.666e-008,0
-7.664e-008,0
-7.662e-008,0
-7.66e-008,0
-7.658e-008,0
-7.656e-008,0
-7.654e-008,0
-7.652e-008,0
-7.65e-008,0
-7.648e-008,0
-7.646e-008,0
-7.644e-008,0
-7.642e-008,0
-7.64e-008,0
-7.638e-008,0
-7.636e-008,0
-7.634e-008,0
-7.632e-008,0
-7.63e-008,0
-7.628e-008,0
-7.626e-008,0
-7.624e-008,0
-7.622e-008,0
-7.62e-008,0
-7.618e-008,0
-7.616e-008,0
-7.614e-008,0
-7.612e-008,0
-7.61e-008,0
-7.608e-008,0
-7.606e-008,0
-7.604e-008,0
-7.602e-008,0
-7.6e-008,0
-7.598e-008,0
-7.596e-008,0
-7.594e-008,0
-7.592e-008,0
-7.59e-008,0
-7.588e-008,0
-7.586e-008,0
-7.584e-008,0
-7.582e-008,0
-7.58e-008,0
-7.578e-008,0
-7.576e-008,0
-7.574e-008,0
-7.572e-008,0
-7.57e-008,0
-7.568e-008,0
-7.566e-008,0
-7.564e-008,0
-7.562e-008,0
-7.56e-008,0
-7.558e-008,0
-7.556e-008,0
-7.554e-008,0
-7.552e-008,0
-7.55e-008,0
-7.548e-008,0
-7.546e-008,0
-7.544e-008,0
-7.542e-008,0
-7.54e-008,0
-7.538e-008,0
-7.536e-008,0
-7.534e-008,0
-7.532e-008,0
-7.53e-008,0
-7.528e-008,0
-7.526e-008,0
-7.524e-008,0
-7.522e-008,0
-7.52e-008,0
-7.518e-008,0
-7.516e-008,0
-7.514e-008,0
-7.512e-008,0
-7.51e-008,0
-7.508e-008,0
-7.506e-008,0
-7.504e-008,0
-7.502e-008,0
-7.5e-008,0
-7.498e-008,2
-7.496e-008,7
-7.494e-008,8
-7.492e-008,8
-7.49e-008,8
-7.488e-008,9
-7.486e-008,6
-7.484e-008,8
-7.482e-008,4
-7.48e-008,8
-7.478e-008,7
-7.476e-008,9
-7.474e-008,7
-7.472e-008,10
-7.47e-008,8
-7.468e-008,12
-7.466e-008,11
-7.464e-008,13
-7.462e-008,12
-7.46e-008,7
-7.458e-008,11
-7.456e-008,6
-7.454e-008,8
-7.452e-008,7
-7.45e-008,7
-7.448e-008,13
-7.446e-008,7
-7.444e-008,6
-7.442e-008,6
-7.44e-008,6
-7.438e-008,8
-7.436e-008,12
-7.434e-008,6
-7.432e-008,9
-7.43e-008,10
-7.428e-008,8
-7.426e-008,4
-7.424e-008,6
-7.422e-008,9
-7.42e-008,11
-7.418e-008,10
-7.416e-008,7
-7.414e-008,9
-7.412e-008,8
-7.41e-008,5
-7.408e-008,3
-7.406e-008,9
-7.404e-008,10
-7.402e-008,10
-7.4e-008,12
-7.398e-008,6
-7.396e-008,9
-7.394e-008,13
-7.392e-008,7
-7.39e-008,9
-7.388e-008,10
-7.386e-008,8
-7.384e-008,7
-7.382e-008,8
-7.38e-008,9
-7.378e-008,6
-7.376e-008,7
-7.374e-008,7
-7.372e-008,9
-7.37e-008,10
-7.368e-008,8
-7.366e-008,5
-7.364e-008,4
-7.362e-008,16
-7.36e-008,11
-7.358e-008,8
-7.356e-008,4
-7.354e-008,9
-7.352e-008,6
-7.35e-008,15
-7.348e-008,7
-7.346e-008,6
-7.344e-008,6
-7.342e-008,8
-7.34e-008,6
-7.338e-008,11
-7.336e-008,11
-7.334e-008,4
-7.332e-008,8
-7.33e-008,10
-7.328e-008,9
-7.326e-008,10
-7.324e-008,9
-7.322e-008,7
-7.32e-008,7
-7.318e-008,9
-7.316e-008,7
-7.314e-008,7
-7.312e-008,8
-7.31e-008,10
-7.308e-008,3
-7.306e-008,8
-7.304e-008,5
-7.302e-008,5
-7.3e-008,6
-7.298e-008,7
-7.296e-008,6
-7.294e-008,8
-7.292e-008,9
-7.29e-008,10
-7.288e-008,9
-7.286e-008,9
-7.284e-008,8
-7.282e-008,7
-7.28e-008,12
-7.278e-008,3
-7.276e-008,14
-7.274e-008,9
-7.272e-008,10
-7.27e-008,9
-7.268e-008,7
-7.266e-008,12
-7.264e-008,6
-7.262e-008,12
-7.26e-008,9
-7.258e-008,14
-7.256e-008,9
-7.254e-008,13
-7.252e-008,11
-7.25e-008,11
-7.248e-008,9
-7.246e-008,5
-7.244e-008,12
-7.242e-008,7
-7.24e-008,7
-7.238e-008,6
-7.236e-008,5
-7.234e-008,8
-7.232e-008,4
-7.23e-008,9
-7.228e-008,5
-7.226e-008,7
-7.224e-008,7
-7.222e-008,5
-7.22e-008,9
-7.218e-008,9
-7.216e-008,1
-7.214e-008,8
-7.212e-008,8
-7.21e-008,5
-7.208e-008,6
-7.206e-008,5
-7.204e-008,6
-7.202e-008,11
-7.2e-008,5
-7.198e-008,10
-7.196e-008,8
-7.194e-008,5
-7.192e-008,5
-7.19e-008,9
-7.188e-008,3
-7.186e-008,2
-7.184e-008,14
-7.182e-008,8
-7.18e-008,8
-7.178e-008,6
-7.176e-008,7
-7.174e-008,6
-7.172e-008,6
-7.17e-008,6
-7.168e-008,4
-7.166e-008,9
-7.164e-008,6
-7.162e-008,6
-7.16e-008,6
-7.158e-008,10
-7.156e-008,8
-7.154e-008,11
-7.152e-008,9
-7.15e-008,7
-7.148e-008,15
-7.146e-008,15
-7.144e-008,7
-7.142e-008,11
-7.14e-008,10
-7.138e-008,12
-7.136e-008,13
-7.134e-008,12
-7.132e-008,11
-7.13e-008,8
-7.128e-008,8
-7.126e-008,14
-7.124e-008,10
-7.122e-008,11
-7.12e-008,13
-7.118e-008,11
-7.116e-008,6
-7.114e-008,9
-7.112e-008,10
-7.11e-008,5
-7.108e-008,11
-7.106e-008,10
-7.104e-008,4
-7.102e-008,6
-7.1e-008,7
-7.098e-008,6
-7.096e-008,7
-7.094e-008,7
-7.092e-008,8
-7.09e-008,14
-7.088e-008,11
-7.086e-008,13
-7.084e-008,8
-7.082e-008,12
-7.08e-008,11
-7.078e-008,8
-7.076e-008,7
-7.074e-008,5
-7.072e-008,12
-7.07e-008,2
-7.068e-008,10
-7.066e-008,6
-7.064e-008,4
-7.062e-008,11
-7.06e-008,4
-7.058e-008,9
-7.056e-008,11
-7.054e-008,3
-7.052e-008,4
-7.05e-008,5
-7.048e-008,12
-7.046e-008,9
-7.044e-008,9
-7.042e-008,8
-7.04e-008,13
-7.038e-008,9
-7.036e-008,11
-7.034e-008,9
-7.032e-008,13
-7.03e-008,12
-7.028e-008,7
-7.026e-008,7
-7.024e-008,9
-7.022e-008,10
-7.02e-008,6
-7.018e-008,8
-7.016e-008,10
-7.014e-008,12
-7.012e-008,9
-7.01e-008,10
-7.008e-008,10
-7.006e-008,13
-7.004e-008,22
-7.002e-008,6
-7e-008,8
-6.998e-008,9
-6.996e-008,8
-6.994e-008,8
-6.992e-008,8
-6.99e-008,4
-6.988e-008,9
-6.986e-008,14
-6.984e-008,5
-6.982e-008,5
-6.98e-008,8
-6.978e-008,10
-6.976e-008,13
-6.974e-008,10
-6.972e-008,9
-6.97e-008,14
-6.968e-008,7
-6.966e-008,9
-6.964e-008,9
-6.962e-008,5
-6.96e-008,9
-6.958e-008,5
-6.956e-008,13
-6.954e-008,7
-6.952e-008,11
-6.95e-008,8
-6.948e-008,7
-6.946e-008,9
-6.944e-008,14
-6.942e-008,7
-6.94e-008,9
-6.938e-008,3
-6.936e-008,9
-6.934e-008,11
-6.932e-008,10
-6.93e-008,12
-6.928e-008,10
-6.926e-008,4
-6.924e-008,12
-6.922e-008,14
-6.92e-008,7
-6.918e-008,10
-6.916e-008,7
-6.914e-008,8
-6.912e-008,11
-6.91e-008,7
-6.908e-008,9
-6.906e-008,10
-6.904e-008,5
-6.902e-008,6
-6.9e-008,10
-6.898e-008,9
-6.896e-008,11
-6.894e-008,8
-6.892e-008,9
-6.89e-008,9
-6.888e-008,8
-6.886e-008,12
-6.884e-008,14
-6.882e-008,4
-6.88e-008,11
-6.878e-008,12
-6.876e-008,7
-6.874e-008,7
-6.872e-008,8
-6.87e-008,7
-6.868e-008,7
-6.866e-008,8
-6.864e-008,6
-6.862e-008,10
-6.86e-008,5
-6.858e-008,9
-6.856e-008,8
-6.854e-008,7
-6.852e-008,6
-6.85e-008,6
-6.848e-008,7
-6.846e-008,12
-6.844e-008,6
-6.842e-008,12
-6.84e-008,11
-6.838e-008,4
-6.836e-008,5
-6.834e-008,2
-6.832e-008,7
-6.83e-008,9
-6.828e-008,6
-6.826e-008,4
-6.824e-008,4
-6.822e-008,12
-6.82e-008,12
-6.818e-008,7
-6.816e-008,10
-6.814e-008,7
-6.812e-008,16
-6.81e-008,10
-6.808e-008,7
-6.806e-008,8
-6.804e-008,10
-6.802e-008,11
-6.8e-008,11
-6.798e-008,11
-6.796e-008,9
-6.794e-008,7
-6.792e-008,11
-6.79e-008,3
-6.788e-008,11
-6.786e-008,10
-6.784e-008,9
-6.782e-008,6
-6.78e-008,10
-6.778e-008,10
-6.776e-008,10
-6.774e-008,8
-6.772e-008,7
-6.77e-008,8
-6.768e-008,9
-6.766e-008,12
-6.764e-008,13
-6.762e-008,4
-6.76e-008,6
-6.758e-008,4
-6.756e-008,5
-6.754e-008,7
-6.752e-008,9
-6.75e-008,7
-6.748e-008,7
-6.746e-008,11
-6.744e-008,3
-6.742e-008,11
-6.74e-008,7
-6.738e-008,7
-6.736e-008,10
-6.734e-008,10
-6.732e-008,11
-6.73e-008,12
-6.728e-008,4
-6.726e-008,10
-6.724e-008,8
-6.722e-008,6
-6.72e-008,7
-6.718e-008,5
-6.716e-008,12
-6.714e-008,9
-6.712e-008,6
-6.71e-008,9
-6.708e-008,6
-6.706e-008,10
-6.704e-008,8
-6.702e-008,9
-6.7e-008,10
-6.698e-008,5
-6.696e-008,6
-6.694e-008,19
-6.692e-008,7
-6.69e-008,9
-6.688e-008,12
-6.686e-008,5
-6.684e-008,6
-6.682e-008,9
-6.68e-008,5
-6.678e-008,14
-6.676e-008,18
-6.674e-008,10
-6.672e-008,6
-6.67e-008,15
-6.668e-008,8
-6.666e-008,8
-6.664e-008,11
-6.662e-008,12
-6.66e-008,8
-6.658e-008,6
-6.656e-008,10
-6.654e-008,10
-6.652e-008,9
-6.65e-008,9
-6.648e-008,6
-6.646e-008,11
-6.644e-008,13
-6.642e-008,9
-6.64e-008,12
-6.638e-008,6
-6.636e-008,10
-6.634e-008,14
-6.632e-008,8
-6.63e-008,3
-6.628e-008,12
-6.626e-008,8
-6.624e-008,13
-6.622e-008,12
-6.62e-008,7
-6.618e-008,6
-6.616e-008,6
-6.614e-008,11
-6.612e-008,10
-6.61e-008,12
-6.608e-008,6
-6.606e-008,8
-6.604e-008,9
-6.602e-008,9
-6.6e-008,6
-6.598e-008,8
-6.596e-008,7
-6.594e-008,9
-6.592e-008,11
-6.59e-008,8
-6.588e-008,10
-6.586e-008,13
-6.584e-008,5
-6.582e-008,12
-6.58e-008,13
-6.578e-008,13
-6.576e-008,7
-6.574e-008,9
-6.572e-008,7
-6.57e-008,9
-6.568e-008,6
-6.566e-008,10
-6.564e-008,11
-6.562e-008,3
-6.56e-008,10
-6.558e-008,11
-6.556e-008,14
-6.554e-008,14
-6.552e-008,11
-6.55e-008,8
-6.548e-008,6
-6.546e-008,8
-6.544e-008,8
-6.542e-008,9
-6.54e-008,15
-6.538e-008,8
-6.536e-008,11
-6.534e-008,11
-6.532e-008,14
-6.53e-008,17
-6.528e-008,9
-6.526e-008,10
-6.524e-008,7
-6.522e-008,12
-6.52e-008,11
-6.518e-008,12
-6.516e-008,11
-6.514e-008,13
-6.512e-008,16
-6.51e-008,12
-6.508e-008,8
-6.506e-008,8
-6.504e-008,12
-6.502e-008,11
-6.5e-008,6
-6.498e-008,9
-6.496e-008,10
-6.494e-008,9
-6.492e-008,10
-6.49e-008,7
-6.488e-008,7
-6.486e-008,4
-6.484e-008,5
-6.482e-008,11
-6.48e-008,6
-6.478e-008,6
-6.476e-008,7
-6.474e-008,2
-6.472e-008,8
-6.47e-008,10
-6.468e-008,14
-6.466e-008,8
-6.464e-008,9
-6.462e-008,11
-6.46e-008,10
-6.458e-008,12
-6.456e-008,10
-6.454e-008,15
-6.452e-008,5
-6.45e-008,7
-6.448e-008,11
-6.446e-008,9
-6.444e-008,11
-6.442e-008,10
-6.44e-008,11
-6.438e-008,11
-6.436e-008,14
-6.434e-008,11
-6.432e-008,10
-6.43e-008,9
-6.428e-008,10
-6.426e-008,10
-6.424e-008,17
-6.422e-008,13
-6.42e-008,10
-6.418e-008,12
-6.416e-008,10
-6.414e-008,11
-6.412e-008,13
-6.41e-008,9
-6.408e-008,11
-6.406e-008,11
-6.404e-008,9
-6.402e-008,8
-6.4e-008,9
-6.398e-008,7
-6.396e-008,7
-6.394e-008,8
-6.392e-008,9
-6.39e-008,14
-6.388e-008,5
-6.386e-008,8
-6.384e-008,10
-6.382e-008,6
-6.38e-008,9
-6.378e-008,7
-6.376e-008,12
-6.374e-008,7
-6.372e-008,8
-6.37e-008,6
-6.368e-008,8
-6.366e-008,13
-6.364e-008,7
-6.362e-008,11
-6.36e-008,9
-6.358e-008,11
-6.356e-008,11
-6.354e-008,6
-6.352e-008,9
-6.35e-008,10
-6.348e-008,11
-6.346e-008,7
-6.344e-008,18
-6.342e-008,5
-6.34e-008,11
-6.338e-008,9
-6.336e-008,8
-6.334e-008,6
-6.332e-008,12
-6.33e-008,6
-6.328e-008,6
-6.326e-008,12
-6.324e-008,8
-6.322e-008,5
-6.32e-008,11
-6.318e-008,11
-6.316e-008,13
-6.314e-008,5
-6.312e-008,9
-6.31e-008,9
-6.308e-008,10
-6.306e-008,10
-6.304e-008,4
-6.302e-008,12
-6.3e-008,20
-6.298e-008,13
-6.296e-008,8
-6.294e-008,8
-6.292e-008,13
-6.29e-008,9
-6.288e-008,9
-6.286e-008,13
-6.284e-008,14
-6.282e-008,16
-6.28e-008,9
-6.278e-008,6
-6.276e-008,10
-6.274e-008,4
-6.272e-008,14
-6.27e-008,8
-6.268e-008,8
-6.266e-008,5
-6.264e-008,12
-6.262e-008,9
-6.26e-008,7
-6.258e-008,8
-6.256e-008,6
-6.254e-008,10
-6.252e-008,10
-6.25e-008,6
-6.248e-008,7
-6.246e-008,8
-6.244e-008,6
-6.242e-008,8
-6.24e-008,12
-6.238e-008,12
-6.236e-008,4
-6.234e-008,10
-6.232e-008,6
-6.23e-008,8
-6.228e-008,5
-6.226e-008,8
-6.224e-008,7
-6.222e-008,4
-6.22e-008,5
-6.218e-008,12
-6.216e-008,13
-6.214e-008,6
-6.212e-008,14
-6.21e-008,8
-6.208e-008,7
-6.206e-008,12
-6.204e-008,9
-6.202e-008,12
-6.2e-008,6
-6.198e-008,13
-6.196e-008,5
-6.194e-008,7
-6.192e-008,11
-6.19e-008,9
-6.188e-008,12
-6.186e-008,9
-6.184e-008,8
-6.182e-008,9
-6.18e-008,7
-6.178e-008,8
-6.176e-008,6
-6.174e-008,10
-6.172e-008,11
-6.17e-008,12
-6.168e-008,14
-6.166e-008,11
-6.164e-008,8
-6.162e-008,8
-6.16e-008,18
-6.158e-008,7
-6.156e-008,15
-6.154e-008,10
-6.152e-008,10
-6.15e-008,10
-6.148e-008,13
-6.146e-008,10
-6.144e-008,11
-6.142e-008,8
-6.14e-008,7
-6.138e-008,12
-6.136e-008,9
-6.134e-008,8
-6.132e-008,4
-6.13e-008,11
-6.128e-008,10
-6.126e-008,4
-6.124e-008,12
-6.122e-008,12
-6.12e-008,8
-6.118e-008,5
-6.116e-008,7
-6.114e-008,8
-6.112e-008,3
-6.11e-008,7
-6.108e-008,5
-6.106e-008,10
-6.104e-008,6
-6.102e-008,7
-6.1e-008,10
-6.098e-008,10
-6.096e-008,9
-6.094e-008,7
-6.092e-008,12
-6.09e-008,6
-6.088e-008,9
-6.086e-008,9
-6.084e-008,7
-6.082e-008,16
-6.08e-008,9
-6.078e-008,17
-6.076e-008,7
-6.074e-008,9
-6.072e-008,8
-6.07e-008,5
-6.068e-008,10
-6.066e-008,15
-6.064e-008,11
-6.062e-008,8
-6.06e-008,11
-6.058e-008,13
-6.056e-008,9
-6.054e-008,12
-6.052e-008,10
-6.05e-008,13
-6.048e-008,11
-6.046e-008,8
-6.044e-008,7
-6.042e-008,17
-6.04e-008,8
-6.038e-008,18
-6.036e-008,5
-6.034e-008,15
-6.032e-008,10
-6.03e-008,11
-6.028e-008,10
-6.026e-008,14
-6.024e-008,7
-6.022e-008,11
-6.02e-008,6
-6.018e-008,6
-6.016e-008,9
-6.014e-008,6
-6.012e-008,10
-6.01e-008,11
-6.008e-008,8
-6.006e-008,7
-6.004e-008,17
-6.002e-008,11
-6e-008,11
-5.998e-008,7
-5.996e-008,15
-5.994e-008,11
-5.992e-008,7
-5.99e-008,9
-5.988e-008,11
-5.986e-008,3
-5.984e-008,6
-5.982e-008,8
-5.98e-008,8
-5.978e-008,14
-5.976e-008,7
-5.974e-008,8
-5.972e-008,8
-5.97e-008,11
-5.968e-008,10
-5.966e-008,10
-5.964e-008,9
-5.962e-008,8
-5.96e-008,9
-5.958e-008,7
-5.956e-008,9
-5.954e-008,12
-5.952e-008,10
-5.95e-008,11
-5.948e-008,4
-5.946e-008,14
-5.944e-008,10
-5.942e-008,7
-5.94e-008,11
-5.938e-008,15
-5.936e-008,5
-5.934e-008,13
-5.932e-008,5
-5.93e-008,15
-5.928e-008,12
-5.926e-008,15
-5.924e-008,11
-5.922e-008,10
-5.92e-008,8
-5.918e-008,10
-5.916e-008,14
-5.914e-008,15
-5.912e-008,13
-5.91e-008,9
-5.908e-008,6
-5.906e-008,6
-5.904e-008,12
-5.902e-008,8
-5.9e-008,5
-5.898e-008,8
-5.896e-008,10
-5.894e-008,12
-5.892e-008,14
-5.89e-008,5
-5.888e-008,8
-5.886e-008,12
-5.884e-008,5
-5.882e-008,12
-5.88e-008,8
-5.878e-008,11
-5.876e-008,12
-5.874e-008,8
-5.872e-008,15
-5.87e-008,9
-5.868e-008,11
-5.866e-008,9
-5.864e-008,4
-5.862e-008,8
-5.86e-008,7
-5.858e-008,5
-5.856e-008,9
-5.854e-008,15
-5.852e-008,11
-5.85e-008,11
-5.848e-008,7
-5.846e-008,8
-5.844e-008,9
-5.842e-008,12
-5.84e-008,15
-5.838e-008,14
-5.836e-008,13
-5.834e-008,10
-5.832e-008,5
-5.83e-008,13
-5.828e-008,13
-5.826e-008,12
-5.824e-008,5
-5.822e-008,9
-5.82e-008,9
-5.818e-008,8
-5.816e-008,12
-5.814e-008,6
-5.812e-008,13
-5.81e-008,13
-5.808e-008,9
-5.806e-008,9
-5.804e-008,10
-5.802e-008,12
-5.8e-008,10
-5.798e-008,9
-5.796e-008,7
-5.794e-008,4
-5.792e-008,9
-5.79e-008,12
-5.788e-008,11
-5.786e-008,10
-5.784e-008,8
-5.782e-008,5
-5.78e-008,6
-5.778e-008,9
-5.776e-008,7
-5.774e-008,8
-5.772e-008,15
-5.77e-008,8
-5.768e-008,15
-5.766e-008,10
-5.764e-008,11
-5.762e-008,8
-5.76e-008,6
-5.758e-008,6
-5.756e-008,10
-5.754e-008,9
-5.752e-008,10
-5.75e-008,6
-5.748e-008,12
-5.746e-008,13
-5.744e-008,6
-5.742e-008,6
-5.74e-008,14
-5.738e-008,10
-5.736e-008,16
-5.734e-008,14
-5.732e-008,13
-5.73e-008,5
-5.728e-008,8
-5.726e-008,11
-5.724e-008,7
-5.722e-008,6
-5.72e-008,19
-5.718e-008,10
-5.716e-008,9
-5.714e-008,12
-5.712e-008,8
-5.71e-008,17
-5.708e-008,12
-5.706e-008,14
-5.704e-008,9
-5.702e-008,13
-5.7e-008,12
-5.698e-008,6
-5.696e-008,9
-5.694e-008,15
-5.692e-008,15
-5.69e-008,11
-5.688e-008,9
-5.686e-008,10
-5.684e-008,10
-5.682e-008,9
-5.68e-008,12
-5.678e-008,8
-5.676e-008,14
-5.674e-008,8
-5.672e-008,19
-5.67e-008,8
-5.668e-008,12
-5.666e-008,3
-5.664e-008,15
-5.662e-008,8
-5.66e-008,13
-5.658e-008,11
-5.656e-008,11
-5.654e-008,10
-5.652e-008,13
-5.65e-008,7
-5.648e-008,12
-5.646e-008,4
-5.644e-008,5
-5.642e-008,14
-5.64e-008,11
-5.638e-008,6
-5.636e-008,10
-5.634e-008,3
-5.632e-008,6
-5.63e-008,6
-5.628e-008,13
-5.626e-008,5
-5.624e-008,4
-5.622e-008,5
-5.62e-008,11
-5.618e-008,13
-5.616e-008,12
-5.614e-008,8
-5.612e-008,12
-5.61e-008,12
-5.608e-008,7
-5.606e-008,6
-5.604e-008,7
-5.602e-008,7
-5.6e-008,12
-5.598e-008,12
-5.596e-008,5
-5.594e-008,13
-5.592e-008,7
-5.59e-008,7
-5.588e-008,11
-5.586e-008,9
-5.584e-008,4
-5.582e-008,14
-5.58e-008,7
-5.578e-008,13
-5.576e-008,10
-5.574e-008,6
-5.572e-008,11
-5.57e-008,14
-5.568e-008,9
-5.566e-008,6
-5.564e-008,6
-5.562e-008,7
-5.56e-008,10
-5.558e-008,6
-5.556e-008,11
-5.554e-008,12
-5.552e-008,9
-5.55e-008,14
-5.548e-008,11
-5.546e-008,6
-5.544e-008,11
-5.542e-008,10
-5.54e-008,5
-5.538e-008,11
-5.536e-008,13
-5.534e-008,13
-5.532e-008,13
-5.53e-008,6
-5.528e-008,10
-5.526e-008,8
-5.524e-008,4
-5.522e-008,18
-5.52e-008,5
-5.518e-008,9
-5.516e-008,3
-5.514e-008,15
-5.512e-008,9
-5.51e-008,9
-5.508e-008,12
-5.506e-008,9
-5.504e-008,8
-5.502e-008,1
-5.5e-008,14
-5.498e-008,5
-5.496e-008,7
-5.494e-008,7
-5.492e-008,7
-5.49e-008,7
-5.488e-008,11
-5.486e-008,9
-5.484e-008,12
-5.482e-008,4
-5.48e-008,7
-5.478e-008,7
-5.476e-008,10
-5.474e-008,4
-5.472e-008,5
-5.47e-008,11
-5.468e-008,13
-5.466e-008,5
-5.464e-008,13
-5.462e-008,6
-5.46e-008,6
-5.458e-008,9
-5.456e-008,7
-5.454e-008,9
-5.452e-008,4
-5.45e-008,11
-5.448e-008,11
-5.446e-008,14
-5.444e-008,12
-5.442e-008,9
-5.44e-008,12
-5.438e-008,13
-5.436e-008,8
-5.434e-008,9
-5.432e-008,10
-5.43e-008,10
-5.428e-008,17
-5.426e-008,10
-5.424e-008,14
-5.422e-008,11
-5.42e-008,12
-5.418e-008,13
-5.416e-008,8
-5.414e-008,7
-5.412e-008,12
-5.41e-008,6
-5.408e-008,12
-5.406e-008,7
-5.404e-008,7
-5.402e-008,12
-5.4e-008,7
-5.398e-008,12
-5.396e-008,10
-5.394e-008,10
-5.392e-008,6
-5.39e-008,6
-5.388e-008,6
-5.386e-008,7
-5.384e-008,12
-5.382e-008,10
-5.38e-008,7
-5.378e-008,7
-5.376e-008,9
-5.374e-008,10
-5.372e-008,4
-5.37e-008,6
-5.368e-008,9
-5.366e-008,10
-5.364e-008,6
-5.362e-008,8
-5.36e-008,11
-5.358e-008,5
-5.356e-008,19
-5.354e-008,9
-5.352e-008,8
-5.35e-008,6
-5.348e-008,6
-5.346e-008,12
-5.344e-008,11
-5.342e-008,6
-5.34e-008,6
-5.338e-008,12
-5.336e-008,20
-5.334e-008,11
-5.332e-008,13
-5.33e-008,11
-5.328e-008,13
-5.326e-008,13
-5.324e-008,18
-5.322e-008,11
-5.32e-008,9
-5.318e-008,8
-5.316e-008,12
-5.314e-008,9
-5.312e-008,8
-5.31e-008,14
-5.308e-008,4
-5.306e-008,14
-5.304e-008,9
-5.302e-008,8
-5.3e-008,8
-5.298e-008,13
-5.296e-008,12
-5.294e-008,15
-5.292e-008,10
-5.29e-008,5
-5.288e-008,7
-5.286e-008,13
-5.284e-008,9
-5.282e-008,13
-5.28e-008,7
-5.278e-008,13
-5.276e-008,9
-5.274e-008,8
-5.272e-008,11
-5.27e-008,12
-5.268e-008,5
-5.266e-008,14
-5.264e-008,10
-5.262e-008,10
-5.26e-008,12
-5.258e-008,14
-5.256e-008,9
-5.254e-008,7
-5.252e-008,9
-5.25e-008,6
-5.248e-008,7
-5.246e-008,9
-5.244e-008,10
-5.242e-008,5
-5.24e-008,13
-5.238e-008,10
-5.236e-008,8
-5.234e-008,3
-5.232e-008,8
-5.23e-008,6
-5.228e-008,7
-5.226e-008,12
-5.224e-008,8
-5.222e-008,14
-5.22e-008,15
-5.218e-008,9
-5.216e-008,11
-5.214e-008,11
-5.212e-008,12
-5.21e-008,6
-5.208e-008,10
-5.206e-008,8
-5.204e-008,11
-5.202e-008,13
-5.2e-008,8
-5.198e-008,14
-5.196e-008,12
-5.194e-008,11
-5.192e-008,11
-5.19e-008,12
-5.188e-008,8
-5.186e-008,8
-5.184e-008,16
-5.182e-008,8
-5.18e-008,11
-5.178e-008,9
-5.176e-008,8
-5.174e-008,8
-5.172e-008,14
-5.17e-008,7
-5.168e-008,8
-5.166e-008,4
-5.164e-008,5
-5.162e-008,9
-5.16e-008,6
-5.158e-008,14
-5.156e-008,10
-5.154e-008,6
-5.152e-008,8
-5.15e-008,5
-5.148e-008,8
-5.146e-008,6
-5.144e-008,10
-5.142e-008,15
-5.14e-008,6
-5.138e-008,15
-5.136e-008,7
-5.134e-008,6
-5.132e-008,10
-5.13e-008,12
-5.128e-008,13
-5.126e-008,11
-5.124e-008,8
-5.122e-008,8
-5.12e-008,9
-5.118e-008,19
-5.116e-008,9
-5.114e-008,11
-5.112e-008,18
-5.11e-008,11
-5.108e-008,5
-5.106e-008,11
-5.104e-008,13
-5.102e-008,12
-5.1e-008,17
-5.098e-008,11
-5.096e-008,9
-5.094e-008,11
-5.092e-008,11
-5.09e-008,9
-5.088e-008,9
-5.086e-008,10
-5.084e-008,5
-5.082e-008,11
-5.08e-008,7
-5.078e-008,4
-5.076e-008,9
-5.074e-008,10
-5.072e-008,7
-5.07e-008,13
-5.068e-008,9
-5.066e-008,7
-5.064e-008,7
-5.062e-008,3
-5.06e-008,14
-5.058e-008,10
-5.056e-008,10
-5.054e-008,14
-5.052e-008,11
-5.05e-008,9
-5.048e-008,9
-5.046e-008,8
-5.044e-008,6
-5.042e-008,10
-5.04e-008,5
-5.038e-008,14
-5.036e-008,10
-5.034e-008,10
-5.032e-008,7
-5.03e-008,10
-5.028e-008,10
-5.026e-008,4
-5.024e-008,15
-5.022e-008,11
-5.02e-008,4
-5.018e-008,11
-5.016e-008,10
-5.014e-008,9
-5.012e-008,11
-5.01e-008,11
-5.008e-008,8
-5.006e-008,7
-5.004e-008,8
-5.002e-008,7
-5e-008,10
-4.998e-008,12
-4.996e-008,7
-4.994e-008,9
-4.992e-008,12
-4.99e-008,3
-4.988e-008,11
-4.986e-008,11
-4.984e-008,10
-4.982e-008,6
-4.98e-008,5
-4.978e-008,13
-4.976e-008,12
-4.974e-008,12
-4.972e-008,6
-4.97e-008,12
-4.968e-008,7
-4.966e-008,9
-4.964e-008,9
-4.962e-008,10
-4.96e-008,12
-4.958e-008,10
-4.956e-008,16
-4.954e-008,10
-4.952e-008,11
-4.95e-008,5
-4.948e-008,5
-4.946e-008,9
-4.944e-008,10
-4.942e-008,7
-4.94e-008,9
-4.938e-008,9
-4.936e-008,16
-4.934e-008,10
-4.932e-008,9
-4.93e-008,14
-4.928e-008,4
-4.926e-008,13
-4.924e-008,6
-4.922e-008,13
-4.92e-008,11
-4.918e-008,5
-4.916e-008,10
-4.914e-008,8
-4.912e-008,15
-4.91e-008,9
-4.908e-008,7
-4.906e-008,8
-4.904e-008,11
-4.902e-008,5
-4.9e-008,11
-4.898e-008,10
-4.896e-008,10
-4.894e-008,8
-4.892e-008,7
-4.89e-008,7
-4.888e-008,10
-4.886e-008,8
-4.884e-008,4
-4.882e-008,6
-4.88e-008,11
-4.878e-008,8
-4.876e-008,9
-4.874e-008,8
-4.872e-008,11
-4.87e-008,7
-4.868e-008,10
-4.866e-008,8
-4.864e-008,10
-4.862e-008,9
-4.86e-008,8
-4.858e-008,6
-4.856e-008,10
-4.854e-008,8
-4.852e-008,14
-4.85e-008,13
-4.848e-008,10
-4.846e-008,7
-4.844e-008,7
-4.842e-008,7
-4.84e-008,13
-4.838e-008,9
-4.836e-008,10
-4.834e-008,11
-4.832e-008,8
-4.83e-008,6
-4.828e-008,11
-4.826e-008,12
-4.824e-008,14
-4.822e-008,9
-4.82e-008,12
-4.818e-008,11
-4.816e-008,10
-4.814e-008,11
-4.812e-008,6
-4.81e-008,13
-4.808e-008,14
-4.806e-008,7
-4.804e-008,15
-4.802e-008,10
-4.8e-008,9
-4.798e-008,6
-4.796e-008,6
-4.794e-008,6
-4.792e-008,4
-4.79e-008,6
-4.788e-008,9
-4.786e-008,12
-4.784e-008,11
-4.782e-008,18
-4.78e-008,11
-4.778e-008,11
-4.776e-008,12
-4.774e-008,5
-4.772e-008,6
-4.77e-008,13
-4.768e-008,6
-4.766e-008,9
-4.764e-008,11
-4.762e-008,11
-4.76e-008,9
-4.758e-008,14
-4.756e-008,9
-4.754e-008,14
-4.752e-008,6
-4.75e-008,14
-4.748e-008,6
-4.746e-008,12
-4.744e-008,9
-4.742e-008,10
-4.74e-008,7
-4.738e-008,5
-4.736e-008,10
-4.734e-008,10
-4.732e-008,13
-4.73e-008,13
-4.728e-008,12
-4.726e-008,11
-4.724e-008,6
-4.722e-008,11
-4.72e-008,8
-4.718e-008,12
-4.716e-008,9
-4.714e-008,15
-4.712e-008,7
-4.71e-008,11
-4.708e-008,6
-4.706e-008,8
-4.704e-008,10
-4.702e-008,14
-4.7e-008,14
-4.698e-008,6
-4.696e-008,9
-4.694e-008,9
-4.692e-008,7
-4.69e-008,13
-4.688e-008,9
-4.686e-008,4
-4.684e-008,8
-4.682e-008,9
-4.68e-008,5
-4.678e-008,11
-4.676e-008,12
-4.674e-008,14
-4.672e-008,12
-4.67e-008,13
-4.668e-008,13
-4.666e-008,8
-4.664e-008,19
-4.662e-008,12
-4.66e-008,12
-4.658e-008,7
-4.656e-008,5
-4.654e-008,8
-4.652e-008,4
-4.65e-008,15
-4.648e-008,7
-4.646e-008,9
-4.644e-008,6
-4.642e-008,6
-4.64e-008,10
-4.638e-008,8
-4.636e-008,8
-4.634e-008,7
-4.632e-008,10
-4.63e-008,7
-4.628e-008,8
-4.626e-008,9
-4.624e-008,10
-4.622e-008,12
-4.62e-008,7
-4.618e-008,11
-4.616e-008,9
-4.614e-008,10
-4.612e-008,9
-4.61e-008,5
-4.608e-008,12
-4.606e-008,12
-4.604e-008,6
-4.602e-008,8
-4.6e-008,12
-4.598e-008,9
-4.596e-008,12
-4.594e-008,12
-4.592e-008,7
-4.59e-008,8
-4.588e-008,7
-4.586e-008,16
-4.584e-008,11
-4.582e-008,11
-4.58e-008,3
-4.578e-008,4
-4.576e-008,6
-4.574e-008,11
-4.572e-008,3
-4.57e-008,9
-4.568e-008,7
-4.566e-008,14
-4.564e-008,14
-4.562e-008,13
-4.56e-008,13
-4.558e-008,12
-4.556e-008,8
-4.554e-008,5
-4.552e-008,7
-4.55e-008,12
-4.548e-008,12
-4.546e-008,4
-4.544e-008,13
-4.542e-008,8
-4.54e-008,15
-4.538e-008,7
-4.536e-008,12
-4.534e-008,10
-4.532e-008,9
-4.53e-008,8
-4.528e-008,4
-4.526e-008,13
-4.524e-008,8
-4.522e-008,3
-4.52e-008,7
-4.518e-008,6
-4.516e-008,10
-4.514e-008,12
-4.512e-008,11
-4.51e-008,6
-4.508e-008,8
-4.506e-008,13
-4.504e-008,10
-4.502e-008,7
-4.5e-008,11
-4.498e-008,10
-4.496e-008,20
-4.494e-008,11
-4.492e-008,7
-4.49e-008,12
-4.488e-008,9
-4.486e-008,10
-4.484e-008,12
-4.482e-008,12
-4.48e-008,10
-4.478e-008,4
-4.476e-008,15
-4.474e-008,9
-4.472e-008,10
-4.47e-008,5
-4.468e-008,11
-4.466e-008,15
-4.464e-008,7
-4.462e-008,6
-4.46e-008,7
-4.458e-008,6
-4.456e-008,9
-4.454e-008,12
-4.452e-008,10
-4.45e-008,7
-4.448e-008,10
-4.446e-008,9
-4.444e-008,7
-4.442e-008,2
-4.44e-008,8
-4.438e-008,8
-4.436e-008,12
-4.434e-008,5
-4.432e-008,10
-4.43e-008,13
-4.428e-008,7
-4.426e-008,8
-4.424e-008,6
-4.422e-008,14
-4.42e-008,13
-4.418e-008,6
-4.416e-008,8
-4.414e-008,5
-4.412e-008,8
-4.41e-008,7
-4.408e-008,14
-4.406e-008,12
-4.404e-008,10
-4.402e-008,10
-4.4e-008,10
-4.398e-008,13
-4.396e-008,11
-4.394e-008,12
-4.392e-008,8
-4.39e-008,9
-4.388e-008,9
-4.386e-008,9
-4.384e-008,5
-4.382e-008,10
-4.38e-008,13
-4.378e-008,17
-4.376e-008,8
-4.374e-008,10
-4.372e-008,12
-4.37e-008,4
-4.368e-008,8
-4.366e-008,9
-4.364e-008,9
-4.362e-008,20
-4.36e-008,4
-4.358e-008,11
-4.356e-008,6
-4.354e-008,7
-4.352e-008,9
-4.35e-008,15
-4.348e-008,6
-4.346e-008,4
-4.344e-008,11
-4.342e-008,5
-4.34e-008,9
-4.338e-008,15
-4.336e-008,10
-4.334e-008,17
-4.332e-008,11
-4.33e-008,14
-4.328e-008,7
-4.326e-008,14
-4.324e-008,6
-4.322e-008,5
-4.32e-008,13
-4.318e-008,7
-4.316e-008,10
-4.314e-008,8
-4.312e-008,9
-4.31e-008,13
-4.308e-008,13
-4.306e-008,9
-4.304e-008,6
-4.302e-008,5
-4.3e-008,3
-4.298e-008,11
-4.296e-008,17
-4.294e-008,7
-4.292e-008,9
-4.29e-008,14
-4.288e-008,11
-4.286e-008,9
-4.284e-008,4
-4.282e-008,9
-4.28e-008,5
-4.278e-008,8
-4.276e-008,10
-4.274e-008,7
-4.272e-008,7
-4.27e-008,10
-4.268e-008,12
-4.266e-008,9
-4.264e-008,8
-4.262e-008,9
-4.26e-008,13
-4.258e-008,6
-4.256e-008,9
-4.254e-008,7
-4.252e-008,14
-4.25e-008,7
-4.248e-008,8
-4.246e-008,13
-4.244e-008,6
-4.242e-008,6
-4.24e-008,6
-4.238e-008,5
-4.236e-008,11
-4.234e-008,8
-4.232e-008,13
-4.23e-008,13
-4.228e-008,16
-4.226e-008,11
-4.224e-008,13
-4.222e-008,14
-4.22e-008,19
-4.218e-008,9
-4.216e-008,6
-4.214e-008,11
-4.212e-008,8
-4.21e-008,10
-4.208e-008,6
-4.206e-008,10
-4.204e-008,9
-4.202e-008,9
-4.2e-008,9
-4.198e-008,11
-4.196e-008,8
-4.194e-008,7
-4.192e-008,9
-4.19e-008,13
-4.188e-008,10
-4.186e-008,5
-4.184e-008,9
-4.182e-008,6
-4.18e-008,12
-4.178e-008,10
-4.176e-008,4
-4.174e-008,6
-4.172e-008,6
-4.17e-008,5
-4.168e-008,13
-4.166e-008,7
-4.164e-008,4
-4.162e-008,11
-4.16e-008,6
-4.158e-008,12
-4.156e-008,7
-4.154e-008,13
-4.152e-008,6
-4.15e-008,6
-4.148e-008,4
-4.146e-008,14
-4.144e-008,12
-4.142e-008,11
-4.14e-008,11
-4.138e-008,14
-4.136e-008,11
-4.134e-008,14
-4.132e-008,11
-4.13e-008,13
-4.128e-008,17
-4.126e-008,21
-4.124e-008,11
-4.122e-008,13
-4.12e-008,14
-4.118e-008,8
-4.116e-008,8
-4.114e-008,7
-4.112e-008,13
-4.11e-008,6
-4.108e-008,16
-4.106e-008,17
-4.104e-008,14
-4.102e-008,10
-4.1e-008,6
-4.098e-008,11
-4.096e-008,5
-4.094e-008,6
-4.092e-008,12
-4.09e-008,16
-4.088e-008,11
-4.086e-008,8
-4.084e-008,8
-4.082e-008,10
-4.08e-008,11
-4.078e-008,8
-4.076e-008,10
-4.074e-008,10
-4.072e-008,2
-4.07e-008,9
-4.068e-008,8
-4.066e-008,11
-4.064e-008,8
-4.062e-008,7
-4.06e-008,6
-4.058e-008,14
-4.056e-008,8
-4.054e-008,13
-4.052e-008,9
-4.05e-008,16
-4.048e-008,9
-4.046e-008,14
-4.044e-008,7
-4.042e-008,12
-4.04e-008,8
-4.038e-008,17
-4.036e-008,9
-4.034e-008,10
-4.032e-008,8
-4.03e-008,7
-4.028e-008,14
-4.026e-008,3
-4.024e-008,12
-4.022e-008,11
-4.02e-008,12
-4.018e-008,11
-4.016e-008,13
-4.014e-008,10
-4.012e-008,18
-4.01e-008,19
-4.008e-008,17
-4.006e-008,18
-4.004e-008,18
-4.002e-008,13
-4e-008,12
-3.998e-008,16
-3.996e-008,13
-3.994e-008,14
-3.992e-008,8
-3.99e-008,17
-3.988e-008,6
-3.986e-008,8
-3.984e-008,11
-3.982e-008,14
-3.98e-008,12
-3.978e-008,15
-3.976e-008,13
-3.974e-008,12
-3.972e-008,12
-3.97e-008,15
-3.968e-008,14
-3.966e-008,8
-3.964e-008,9
-3.962e-008,12
-3.96e-008,12
-3.958e-008,18
-3.956e-008,8
-3.954e-008,13
-3.952e-008,6
-3.95e-008,13
-3.948e-008,7
-3.946e-008,5
-3.944e-008,5
-3.942e-008,12
-3.94e-008,15
-3.938e-008,13
-3.936e-008,13
-3.934e-008,4
-3.932e-008,8
-3.93e-008,11
-3.928e-008,8
-3.926e-008,10
-3.924e-008,5
-3.922e-008,3
-3.92e-008,16
-3.918e-008,5
-3.916e-008,14
-3.914e-008,11
-3.912e-008,6
-3.91e-008,12
-3.908e-008,9
-3.906e-008,7
-3.904e-008,10
-3.902e-008,12
-3.9e-008,14
-3.898e-008,10
-3.896e-008,9
-3.894e-008,7
-3.892e-008,13
-3.89e-008,12
-3.888e-008,9
-3.886e-008,10
-3.884e-008,4
-3.882e-008,15
-3.88e-008,12
-3.878e-008,14
-3.876e-008,15
-3.874e-008,14
-3.872e-008,12
-3.87e-008,10
-3.868e-008,16
-3.866e-008,13
-3.864e-008,10
-3.862e-008,14
-3.86e-008,15
-3.858e-008,13
-3.856e-008,13
-3.854e-008,11
-3.852e-008,19
-3.85e-008,9
-3.848e-008,16
-3.846e-008,12
-3.844e-008,14
-3.842e-008,16
-3.84e-008,19
-3.838e-008,15
-3.836e-008,18
-3.834e-008,11
-3.832e-008,13
-3.83e-008,14
-3.828e-008,16
-3.826e-008,19
-3.824e-008,14
-3.822e-008,16
-3.82e-008,11
-3.818e-008,10
-3.816e-008,7
-3.814e-008,12
-3.812e-008,9
-3.81e-008,10
-3.808e-008,7
-3.806e-008,8
-3.804e-008,20
-3.802e-008,7
-3.8e-008,13
-3.798e-008,10
-3.796e-008,8
-3.794e-008,9
-3.792e-008,11
-3.79e-008,9
-3.788e-008,9
-3.786e-008,7
-3.784e-008,7
-3.782e-008,5
-3.78e-008,15
-3.778e-008,9
-3.776e-008,17
-3.774e-008,18
-3.772e-008,13
-3.77e-008,13
-3.768e-008,17
-3.766e-008,13
-3.764e-008,11
-3.762e-008,11
-3.76e-008,11
-3.758e-008,16
-3.756e-008,16
-3.754e-008,19
-3.752e-008,11
-3.75e-008,22
-3.748e-008,18
-3.746e-008,15
-3.744e-008,21
-3.742e-008,27
-3.74e-008,11
-3.738e-008,23
-3.736e-008,20
-3.734e-008,17
-3.732e-008,12
-3.73e-008,17
-3.728e-008,18
-3.726e-008,16
-3.724e-008,16
-3.722e-008,19
-3.72e-008,16
-3.718e-008,18
-3.716e-008,22
-3.714e-008,17
-3.712e-008,18
-3.71e-008,15
-3.708e-008,17
-3.706e-008,18
-3.704e-008,17
-3.702e-008,11
-3.7e-008,16
-3.698e-008,18
-3.696e-008,21
-3.694e-008,10
-3.692e-008,11
-3.69e-008,9
-3.688e-008,15
-3.686e-008,17
-3.684e-008,9
-3.682e-008,6
-3.68e-008,16
-3.678e-008,8
-3.676e-008,6
-3.674e-008,8
-3.672e-008,12
-3.67e-008,11
-3.668e-008,13
-3.666e-008,16
-3.664e-008,11
-3.662e-008,15
-3.66e-008,12
-3.658e-008,18
-3.656e-008,6
-3.654e-008,15
-3.652e-008,16
-3.65e-008,26
-3.648e-008,15
-3.646e-008,18
-3.644e-008,23
-3.642e-008,13
-3.64e-008,15
-3.638e-008,15
-3.636e-008,20
-3.634e-008,28
-3.632e-008,13
-3.63e-008,21
-3.628e-008,20
-3.626e-008,24
-3.624e-008,22
-3.622e-008,18
-3.62e-008,25
-3.618e-008,30
-3.616e-008,17
-3.614e-008,19
-3.612e-008,21
-3.61e-008,28
-3.608e-008,24
-3.606e-008,19
-3.604e-008,30
-3.602e-008,20
-3.6e-008,26
-3.598e-008,15
-3.596e-008,25
-3.594e-008,11
-3.592e-008,18
-3.59e-008,24
-3.588e-008,20
-3.586e-008,17
-3.584e-008,18
-3.582e-008,19
-3.58e-008,25
-3.578e-008,18
-3.576e-008,14
-3.574e-008,16
-3.572e-008,11
-3.57e-008,10
-3.568e-008,17
-3.566e-008,12
-3.564e-008,15
-3.562e-008,14
-3.56e-008,4
-3.558e-008,8
-3.556e-008,11
-3.554e-008,13
-3.552e-008,9
-3.55e-008,15
-3.548e-008,14
-3.546e-008,6
-3.544e-008,7
-3.542e-008,8
-3.54e-008,16
-3.538e-008,13
-3.536e-008,22
-3.534e-008,14
-3.532e-008,18
-3.53e-008,15
-3.528e-008,15
-3.526e-008,16
-3.524e-008,13
-3.522e-008,30
-3.52e-008,26
-3.518e-008,23
-3.516e-008,27
-3.514e-008,21
-3.512e-008,21
-3.51e-008,29
-3.508e-008,26
-3.506e-008,27
-3.504e-008,21
-3.502e-008,23
-3.5e-008,29
-3.498e-008,28
-3.496e-008,35
-3.494e-008,28
-3.492e-008,37
-3.49e-008,26
-3.488e-008,35
-3.486e-008,26
-3.484e-008,35
-3.482e-008,26
-3.48e-008,27
-3.478e-008,29
-3.476e-008,35
-3.474e-008,38
-3.472e-008,36
-3.47e-008,26
-3.468e-008,24
-3.466e-008,23
-3.464e-008,26
-3.462e-008,31
-3.46e-008,18
-3.458e-008,21
-3.456e-008,21
-3.454e-008,17
-3.452e-008,18
-3.45e-008,14
-3.448e-008,16
-3.446e-008,16
-3.444e-008,14
-3.442e-008,14
-3.44e-008,16
-3.438e-008,6
-3.436e-008,13
-3.434e-008,15
-3.432e-008,20
-3.43e-008,10
-3.428e-008,13
-3.426e-008,17
-3.424e-008,13
-3.422e-008,14
-3.42e-008,16
-3.418e-008,13
-3.416e-008,23
-3.414e-008,22
-3.412e-008,17
-3.41e-008,21
-3.408e-008,14
-3.406e-008,28
-3.404e-008,33
-3.402e-008,23
-3.4e-008,24
-3.398e-008,24
-3.396e-008,29
-3.394e-008,34
-3.392e-008,33
-3.39e-008,31
-3.388e-008,23
-3.386e-008,33
-3.384e-008,36
-3.382e-008,38
-3.38e-008,40
-3.378e-008,37
-3.376e-008,37
-3.374e-008,33
-3.372e-008,34
-3.37e-008,34
-3.368e-008,29
-3.366e-008,41
-3.364e-008,46
-3.362e-008,45
-3.36e-008,35
-3.358e-008,58
-3.356e-008,35
-3.354e-008,36
-3.352e-008,38
-3.35e-008,30
-3.348e-008,37
-3.346e-008,34
-3.344e-008,35
-3.342e-008,34
-3.34e-008,26
-3.338e-008,31
-3.336e-008,29
-3.334e-008,24
-3.332e-008,26
-3.33e-008,21
-3.328e-008,26
-3.326e-008,20
-3.324e-008,25
-3.322e-008,16
-3.32e-008,24
-3.318e-008,16
-3.316e-008,25
-3.314e-008,13
-3.312e-008,22
-3.31e-008,20
-3.308e-008,22
-3.306e-008,18
-3.304e-008,24
-3.302e-008,8
-3.3e-008,20
-3.298e-008,22
-3.296e-008,19
-3.294e-008,19
-3.292e-008,21
-3.29e-008,20
-3.288e-008,20
-3.286e-008,26
-3.284e-008,27
-3.282e-008,21
-3.28e-008,28
-3.278e-008,32
-3.276e-008,26
-3.274e-008,32
-3.272e-008,30
-3.27e-008,42
-3.268e-008,29
-3.266e-008,36
-3.264e-008,31
-3.262e-008,53
-3.26e-008,50
-3.258e-008,37
-3.256e-008,50
-3.254e-008,49
-3.252e-008,41
-3.25e-008,47
-3.248e-008,42
-3.246e-008,44
-3.244e-008,54
-3.242e-008,53
-3.24e-008,64
-3.238e-008,46
-3.236e-008,51
-3.234e-008,46
-3.232e-008,51
-3.23e-008,59
-3.228e-008,51
-3.226e-008,51
-3.224e-008,51
-3.222e-008,41
-3.22e-008,42
-3.218e-008,53
-3.216e-008,45
-3.214e-008,33
-3.212e-008,40
-3.21e-008,29
-3.208e-008,35
-3.206e-008,31
-3.204e-008,35
-3.202e-008,27
-3.2e-008,28
-3.198e-008,25
-3.196e-008,24
-3.194e-008,30
-3.192e-008,19
-3.19e-008,16
-3.188e-008,17
-3.186e-008,20
-3.184e-008,22
-3.182e-008,15
-3.18e-008,25
-3.178e-008,20
-3.176e-008,22
-3.174e-008,28
-3.172e-008,22
-3.17e-008,25
-3.168e-008,27
-3.166e-008,21
-3.164e-008,24
-3.162e-008,19
-3.16e-008,35
-3.158e-008,27
-3.156e-008,34
-3.154e-008,47
-3.152e-008,52
-3.15e-008,47
-3.148e-008,34
-3.146e-008,39
-3.144e-008,46
-3.142e-008,57
-3.14e-008,46
-3.138e-008,57
-3.136e-008,53
-3.134e-008,46
-3.132e-008,54
-3.13e-008,46
-3.128e-008,64
-3.126e-008,65
-3.124e-008,60
-3.122e-008,56
-3.12e-008,77
-3.118e-008,62
-3.116e-008,67
-3.114e-008,62
-3.112e-008,61
-3.11e-008,61
-3.108e-008,57
-3.106e-008,59
-3.104e-008,77
-3.102e-008,61
-3.1e-008,49
-3.098e-008,53
-3.096e-008,55
-3.094e-008,57
-3.092e-008,53
-3.09e-008,40
-3.088e-008,59
-3.086e-008,48
-3.084e-008,48
-3.082e-008,46
-3.08e-008,50
-3.078e-008,42
-3.076e-008,31
-3.074e-008,35
-3.072e-008,31
-3.07e-008,31
-3.068e-008,29
-3.066e-008,24
-3.064e-008,29
-3.062e-008,25
-3.06e-008,28
-3.058e-008,23
-3.056e-008,37
-3.054e-008,35
-3.052e-008,27
-3.05e-008,28
-3.048e-008,26
-3.046e-008,30
-3.044e-008,25
-3.042e-008,52
-3.04e-008,34
-3.038e-008,39
-3.036e-008,39
-3.034e-008,47
-3.032e-008,41
-3.03e-008,59
-3.028e-008,55
-3.026e-008,60
-3.024e-008,68
-3.022e-008,75
-3.02e-008,83
-3.018e-008,70
-3.016e-008,79
-3.014e-008,80
-3.012e-008,81
-3.01e-008,70
-3.008e-008,84
-3.006e-008,78
-3.004e-008,84
-3.002e-008,94
-3e-008,94
-2.998e-008,95
-2.996e-008,98
-2.994e-008,91
-2.992e-008,89
-2.99e-008,75
-2.988e-008,90
-2.986e-008,106
-2.984e-008,83
-2.982e-008,83
-2.98e-008,87
-2.978e-008,79
-2.976e-008,79
-2.974e-008,64
-2.972e-008,65
-2.97e-008,72
-2.968e-008,62
-2.966e-008,55
-2.964e-008,49
-2.962e-008,67
-2.96e-008,55
-2.958e-008,64
-2.956e-008,47
-2.954e-008,52
-2.952e-008,37
-2.95e-008,44
-2.948e-008,43
-2.946e-008,56
-2.944e-008,33
-2.942e-008,29
-2.94e-008,32
-2.938e-008,30
-2.936e-008,26
-2.934e-008,32
-2.932e-008,40
-2.93e-008,38
-2.928e-008,35
-2.926e-008,40
-2.924e-008,47
-2.922e-008,39
-2.92e-008,38
-2.918e-008,43
-2.916e-008,55
-2.914e-008,66
-2.912e-008,69
-2.91e-008,55
-2.908e-008,78
-2.906e-008,79
-2.904e-008,77
-2.902e-008,86
-2.9e-008,89
-2.898e-008,86
-2.896e-008,111
-2.894e-008,83
-2.892e-008,102
-2.89e-008,116
-2.888e-008,135
-2.886e-008,123
-2.884e-008,103
-2.882e-008,100
-2.88e-008,118
-2.878e-008,124
-2.876e-008,104
-2.874e-008,130
-2.872e-008,96
-2.87e-008,116
-2.868e-008,124
-2.866e-008,122
-2.864e-008,102
-2.862e-008,131
-2.86e-008,147
-2.858e-008,101
-2.856e-008,94
-2.854e-008,81
-2.852e-008,106
-2.85e-008,90
-2.848e-008,102
-2.846e-008,75
-2.844e-008,76
-2.842e-008,67
-2.84e-008,61
-2.838e-008,78
-2.836e-008,58
-2.834e-008,62
-2.832e-008,63
-2.83e-008,60
-2.828e-008,50
-2.826e-008,62
-2.824e-008,56
-2.822e-008,57
-2.82e-008,40
-2.818e-008,46
-2.816e-008,47
-2.814e-008,51
-2.812e-008,41
-2.81e-008,42
-2.808e-008,53
-2.806e-008,48
-2.804e-008,43
-2.802e-008,50
-2.8e-008,52
-2.798e-008,57
-2.796e-008,61
-2.794e-008,47
-2.792e-008,74
-2.79e-008,87
-2.788e-008,80
-2.786e-008,91
-2.784e-008,94
-2.782e-008,108
-2.78e-008,121
-2.778e-008,119
-2.776e-008,129
-2.774e-008,99
-2.772e-008,118
-2.77e-008,118
-2.768e-008,124
-2.766e-008,142
-2.764e-008,155
-2.762e-008,165
-2.76e-008,164
-2.758e-008,168
-2.756e-008,161
-2.754e-008,186
-2.752e-008,174
-2.75e-008,168
-2.748e-008,151
-2.746e-008,139
-2.744e-008,163
-2.742e-008,155
-2.74e-008,149
-2.738e-008,142
-2.736e-008,121
-2.734e-008,134
-2.732e-008,142
-2.73e-008,139
-2.728e-008,128
-2.726e-008,93
-2.724e-008,134
-2.722e-008,95
-2.72e-008,80
-2.718e-008,85
-2.716e-008,80
-2.714e-008,77
-2.712e-008,78
-2.71e-008,83
-2.708e-008,77
-2.706e-008,71
-2.704e-008,59
-2.702e-008,57
-2.7e-008,55
-2.698e-008,44
-2.696e-008,60
-2.694e-008,51
-2.692e-008,53
-2.69e-008,41
-2.688e-008,52
-2.686e-008,39
-2.684e-008,58
-2.682e-008,59
-2.68e-008,66
-2.678e-008,75
-2.676e-008,58
-2.674e-008,71
-2.672e-008,85
-2.67e-008,90
-2.668e-008,108
-2.666e-008,81
-2.664e-008,101
-2.662e-008,96
-2.66e-008,110
-2.658e-008,122
-2.656e-008,134
-2.654e-008,123
-2.652e-008,151
-2.65e-008,147
-2.648e-008,179
-2.646e-008,189
-2.644e-008,172
-2.642e-008,209
-2.64e-008,177
-2.638e-008,222
-2.636e-008,210
-2.634e-008,200
-2.632e-008,203
-2.63e-008,198
-2.628e-008,213
-2.626e-008,205
-2.624e-008,209
-2.622e-008,203
-2.62e-008,235
-2.618e-008,199
-2.616e-008,197
-2.614e-008,191
-2.612e-008,199
-2.61e-008,205
-2.608e-008,175
-2.606e-008,185
-2.604e-008,144
-2.602e-008,151
-2.6e-008,137
-2.598e-008,125
-2.596e-008,118
-2.594e-008,155
-2.592e-008,120
-2.59e-008,111
-2.588e-008,85
-2.586e-008,90
-2.584e-008,98
-2.582e-008,98
-2.58e-008,85
-2.578e-008,71
-2.576e-008,91
-2.574e-008,77
-2.572e-008,78
-2.57e-008,67
-2.568e-008,54
-2.566e-008,70
-2.564e-008,60
-2.562e-008,40
-2.56e-008,77
-2.558e-008,93
-2.556e-008,83
-2.554e-008,96
-2.552e-008,92
-2.55e-008,102
-2.548e-008,109
-2.546e-008,101
-2.544e-008,105
-2.542e-008,134
-2.54e-008,139
-2.538e-008,144
-2.536e-008,130
-2.534e-008,163
-2.532e-008,188
-2.53e-008,175
-2.528e-008,179
-2.526e-008,214
-2.524e-008,208
-2.522e-008,216
-2.52e-008,219
-2.518e-008,269
-2.516e-008,248
-2.514e-008,236
-2.512e-008,271
-2.51e-008,254
-2.508e-008,264
-2.506e-008,276
-2.504e-008,262
-2.502e-008,242
-2.5e-008,268
-2.498e-008,273
-2.496e-008,257
-2.494e-008,272
-2.492e-008,265
-2.49e-008,242
-2.488e-008,243
-2.486e-008,230
-2.484e-008,241
-2.482e-008,208
-2.48e-008,231
-2.478e-008,194
-2.476e-008,218
-2.474e-008,176
-2.472e-008,163
-2.47e-008,134
-2.468e-008,145
-2.466e-008,117
-2.464e-008,142
-2.462e-008,135
-2.46e-008,100
-2.458e-008,98
-2.456e-008,86
-2.454e-008,99
-2.452e-008,102
-2.45e-008,72
-2.448e-008,85
-2.446e-008,103
-2.444e-008,78
-2.442e-008,84
-2.44e-008,87
-2.438e-008,105
-2.436e-008,113
-2.434e-008,105
-2.432e-008,111
-2.43e-008,130
-2.428e-008,131
-2.426e-008,130
-2.424e-008,146
-2.422e-008,144
-2.42e-008,177
-2.418e-008,166
-2.416e-008,175
-2.414e-008,203
-2.412e-008,207
-2.41e-008,208
-2.408e-008,228
-2.406e-008,252
-2.404e-008,247
-2.402e-008,268
-2.4e-008,260
-2.398e-008,279
-2.396e-008,316
-2.394e-008,311
-2.392e-008,335
-2.39e-008,301
-2.388e-008,291
-2.386e-008,328
-2.384e-008,332
-2.382e-008,347
-2.38e-008,305
-2.378e-008,360
-2.376e-008,315
-2.374e-008,331
-2.372e-008,338
-2.37e-008,311
-2.368e-008,316
-2.366e-008,288
-2.364e-008,275
-2.362e-008,319
-2.36e-008,274
-2.358e-008,286
-2.356e-008,259
-2.354e-008,261
-2.352e-008,253
-2.35e-008,220
-2.348e-008,211
-2.346e-008,194
-2.344e-008,181
-2.342e-008,191
-2.34e-008,169
-2.338e-008,153
-2.336e-008,157
-2.334e-008,141
-2.332e-008,141
-2.33e-008,126
-2.328e-008,131
-2.326e-008,129
-2.324e-008,121
-2.322e-008,124
-2.32e-008,118
-2.318e-008,127
-2.316e-008,128
-2.314e-008,122
-2.312e-008,137
-2.31e-008,158
-2.308e-008,158
-2.306e-008,167
-2.304e-008,185
-2.302e-008,173
-2.3e-008,218
-2.298e-008,199
-2.296e-008,240
-2.294e-008,232
-2.292e-008,271
-2.29e-008,268
-2.288e-008,271
-2.286e-008,345
-2.284e-008,334
-2.282e-008,301
-2.28e-008,351
-2.278e-008,360
-2.276e-008,345
-2.274e-008,399
-2.272e-008,333
-2.27e-008,373
-2.268e-008,358
-2.266e-008,422
-2.264e-008,409
-2.262e-008,394
-2.26e-008,447
-2.258e-008,401
-2.256e-008,392
-2.254e-008,441
-2.252e-008,442
-2.25e-008,430
-2.248e-008,403
-2.246e-008,411
-2.244e-008,406
-2.242e-008,368
-2.24e-008,361
-2.238e-008,372
-2.236e-008,339
-2.234e-008,348
-2.232e-008,319
-2.23e-008,280
-2.228e-008,283
-2.226e-008,279
-2.224e-008,248
-2.222e-008,259
-2.22e-008,244
-2.218e-008,231
-2.216e-008,218
-2.214e-008,188
-2.212e-008,191
-2.21e-008,192
-2.208e-008,161
-2.206e-008,172
-2.204e-008,135
-2.202e-008,146
-2.2e-008,160
-2.198e-008,145
-2.196e-008,161
-2.194e-008,146
-2.192e-008,161
-2.19e-008,177
-2.188e-008,183
-2.186e-008,206
-2.184e-008,224
-2.182e-008,223
-2.18e-008,259
-2.178e-008,274
-2.176e-008,299
-2.174e-008,324
-2.172e-008,295
-2.17e-008,318
-2.168e-008,350
-2.166e-008,382
-2.164e-008,416
-2.162e-008,427
-2.16e-008,399
-2.158e-008,481
-2.156e-008,429
-2.154e-008,469
-2.152e-008,474
-2.15e-008,497
-2.148e-008,507
-2.146e-008,504
-2.144e-008,519
-2.142e-008,586
-2.14e-008,537
-2.138e-008,535
-2.136e-008,524
-2.134e-008,555
-2.132e-008,497
-2.13e-008,499
-2.128e-008,491
-2.126e-008,534
-2.124e-008,496
-2.122e-008,491
-2.12e-008,434
-2.118e-008,479
-2.116e-008,392
-2.114e-008,445
-2.112e-008,410
-2.11e-008,390
-2.108e-008,382
-2.106e-008,368
-2.104e-008,354
-2.102e-008,306
-2.1e-008,291
-2.098e-008,287
-2.096e-008,295
-2.094e-008,260
-2.092e-008,243
-2.09e-008,223
-2.088e-008,217
-2.086e-008,220
-2.084e-008,198
-2.082e-008,197
-2.08e-008,194
-2.078e-008,186
-2.076e-008,183
-2.074e-008,221
-2.072e-008,197
-2.07e-008,204
-2.068e-008,212
-2.066e-008,210
-2.064e-008,260
-2.062e-008,241
-2.06e-008,306
-2.058e-008,311
-2.056e-008,308
-2.054e-008,331
-2.052e-008,377
-2.05e-008,365
-2.048e-008,423
-2.046e-008,458
-2.044e-008,430
-2.042e-008,501
-2.04e-008,524
-2.038e-008,550
-2.036e-008,595
-2.034e-008,614
-2.032e-008,593
-2.03e-008,640
-2.028e-008,621
-2.026e-008,672
-2.024e-008,709
-2.022e-008,673
-2.02e-008,676
-2.018e-008,724
-2.016e-008,666
-2.014e-008,699
-2.012e-008,711
-2.01e-008,724
-2.008e-008,711
-2.006e-008,689
-2.004e-008,694
-2.002e-008,681
-2e-008,576
-1.998e-008,604
-1.996e-008,629
-1.994e-008,614
-1.992e-008,570
-1.99e-008,532
-1.988e-008,520
-1.986e-008,495
-1.984e-008,466
-1.982e-008,439
-1.98e-008,397
-1.978e-008,377
-1.976e-008,355
-1.974e-008,340
-1.972e-008,289
-1.97e-008,322
-1.968e-008,279
-1.966e-008,261
-1.964e-008,268
-1.962e-008,252
-1.96e-008,226
-1.958e-008,230
-1.956e-008,203
-1.954e-008,231
-1.952e-008,233
-1.95e-008,220
-1.948e-008,249
-1.946e-008,265
-1.944e-008,272
-1.942e-008,294
-1.94e-008,305
-1.938e-008,343
-1.936e-008,341
-1.934e-008,352
-1.932e-008,410
-1.93e-008,413
-1.928e-008,429
-1.926e-008,489
-1.924e-008,473
-1.922e-008,537
-1.92e-008,559
-1.918e-008,616
-1.916e-008,581
-1.914e-008,648
-1.912e-008,714
-1.91e-008,787
-1.908e-008,774
-1.906e-008,776
-1.904e-008,782
-1.902e-008,845
-1.9e-008,848
-1.898e-008,915
-1.896e-008,912
-1.894e-008,868
-1.892e-008,888
-1.89e-008,909
-1.888e-008,877
-1.886e-008,944
-1.884e-008,937
-1.882e-008,939
-1.88e-008,879
-1.878e-008,885
-1.876e-008,873
-1.874e-008,787
-1.872e-008,749
-1.87e-008,686
-1.868e-008,694
-1.866e-008,659
-1.864e-008,616
-1.862e-008,586
-1.86e-008,534
-1.858e-008,494
-1.856e-008,500
-1.854e-008,462
-1.852e-008,429
-1.85e-008,422
-1.848e-008,397
-1.846e-008,354
-1.844e-008,307
-1.842e-008,313
-1.84e-008,313
-1.838e-008,261
-1.836e-008,288
-1.834e-008,289
-1.832e-008,271
-1.83e-008,303
-1.828e-008,303
-1.826e-008,303
-1.824e-008,299
-1.822e-008,320
-1.82e-008,361
-1.818e-008,361
-1.816e-008,394
-1.814e-008,392
-1.812e-008,449
-1.81e-008,450
-1.808e-008,497
-1.806e-008,517
-1.804e-008,599
-1.802e-008,649
-1.8e-008,654
-1.798e-008,666
-1.796e-008,735
-1.794e-008,725
-1.792e-008,848
-1.79e-008,872
-1.788e-008,926
-1.786e-008,860
-1.784e-008,935
-1.782e-008,970
-1.78e-008,1072
-1.778e-008,1078
-1.776e-008,1028
-1.774e-008,1127
-1.772e-008,1119
-1.77e-008,1121
-1.768e-008,1171
-1.766e-008,1104
-1.764e-008,1144
-1.762e-008,1163
-1.76e-008,1072
-1.758e-008,1150
-1.756e-008,1074
-1.754e-008,1057
-1.752e-008,1013
-1.75e-008,971
-1.748e-008,894
-1.746e-008,880
-1.744e-008,848
-1.742e-008,773
-1.74e-008,715
-1.738e-008,682
-1.736e-008,714
-1.734e-008,645
-1.732e-008,615
-1.73e-008,623
-1.728e-008,541
-1.726e-008,499
-1.724e-008,458
-1.722e-008,446
-1.72e-008,401
-1.718e-008,398
-1.716e-008,355
-1.714e-008,402
-1.712e-008,403
-1.71e-008,367
-1.708e-008,385
-1.706e-008,372
-1.704e-008,363
-1.702e-008,383
-1.7e-008,429
-1.698e-008,416
-1.696e-008,477
-1.694e-008,481
-1.692e-008,508
-1.69e-008,579
-1.688e-008,600
-1.686e-008,659
-1.684e-008,691
-1.682e-008,669
-1.68e-008,746
-1.678e-008,773
-1.676e-008,899
-1.674e-008,944
-1.672e-008,971
-1.67e-008,996
-1.668e-008,1000
-1.666e-008,1122
-1.664e-008,1070
-1.662e-008,1171
-1.66e-008,1196
-1.658e-008,1258
-1.656e-008,1250
-1.654e-008,1312
-1.652e-008,1385
-1.65e-008,1320
-1.648e-008,1362
-1.646e-008,1363
-1.644e-008,1358
-1.642e-008,1394
-1.64e-008,1405
-1.638e-008,1315
-1.636e-008,1318
-1.634e-008,1310
-1.632e-008,1297
-1.63e-008,1241
-1.628e-008,1230
-1.626e-008,1175
-1.624e-008,1078
-1.622e-008,1050
-1.62e-008,1020
-1.618e-008,979
-1.616e-008,916
-1.614e-008,868
-1.612e-008,794
-1.61e-008,790
-1.608e-008,683
-1.606e-008,666
-1.604e-008,621
-1.602e-008,573
-1.6e-008,538
-1.598e-008,515
-1.596e-008,485
-1.594e-008,514
-1.592e-008,483
-1.59e-008,476
-1.588e-008,449
-1.586e-008,486
-1.584e-008,465
-1.582e-008,503
-1.58e-008,455
-1.578e-008,521
-1.576e-008,515
-1.574e-008,580
-1.572e-008,611
-1.57e-008,666
-1.568e-008,689
-1.566e-008,818
-1.564e-008,834
-1.562e-008,910
-1.56e-008,858
-1.558e-008,951
-1.556e-008,1046
-1.554e-008,1114
-1.552e-008,1122
-1.55e-008,1170
-1.548e-008,1261
-1.546e-008,1294
-1.544e-008,1313
-1.542e-008,1416
-1.54e-008,1511
-1.538e-008,1505
-1.536e-008,1511
-1.534e-008,1483
-1.532e-008,1632
-1.53e-008,1610
-1.528e-008,1571
-1.526e-008,1657
-1.524e-008,1635
-1.522e-008,1601
-1.52e-008,1746
-1.518e-008,1595
-1.516e-008,1580
-1.514e-008,1521
-1.512e-008,1525
-1.51e-008,1556
-1.508e-008,1456
-1.506e-008,1537
-1.504e-008,1352
-1.502e-008,1327
-1.5e-008,1287
-1.498e-008,1172
-1.496e-008,1137
-1.494e-008,1075
-1.492e-008,1028
-1.49e-008,904
-1.488e-008,843
-1.486e-008,793
-1.484e-008,766
-1.482e-008,661
-1.48e-008,597
-1.478e-008,540
-1.476e-008,502
-1.474e-008,461
-1.472e-008,383
-1.47e-008,385
-1.468e-008,333
-1.466e-008,301
-1.464e-008,285
-1.462e-008,239
-1.46e-008,254
-1.458e-008,209
-1.456e-008,188
-1.454e-008,204
-1.452e-008,169
-1.45e-008,154
-1.448e-008,126
-1.446e-008,114
-1.444e-008,130
-1.442e-008,101
-1.44e-008,107
-1.438e-008,89
-1.436e-008,76
-1.434e-008,94
-1.432e-008,93
-1.43e-008,74
-1.428e-008,81
-1.426e-008,69
-1.424e-008,60
-1.422e-008,55
-1.42e-008,53
-1.418e-008,60
-1.416e-008,44
-1.414e-008,48
-1.412e-008,45
-1.41e-008,45
-1.408e-008,38
-1.406e-008,44
-1.404e-008,38
-1.402e-008,29
-1.4e-008,29
-1.398e-008,36
-1.396e-008,17
-1.394e-008,30
-1.392e-008,23
-1.39e-008,21
-1.388e-008,21
-1.386e-008,21
-1.384e-008,22
-1.382e-008,13
-1.38e-008,10
-1.378e-008,13
-1.376e-008,17
-1.374e-008,10
-1.372e-008,21
-1.37e-008,13
-1.368e-008,9
-1.366e-008,18
-1.364e-008,16
-1.362e-008,10
-1.36e-008,8
-1.358e-008,9
-1.356e-008,11
-1.354e-008,13
-1.352e-008,8
-1.35e-008,9
-1.348e-008,10
-1.346e-008,17
-1.344e-008,17
-1.342e-008,3
-1.34e-008,9
-1.338e-008,8
-1.336e-008,9
-1.334e-008,9
-1.332e-008,5
-1.33e-008,10
-1.328e-008,16
-1.326e-008,10
-1.324e-008,10
-1.322e-008,9
-1.32e-008,13
-1.318e-008,13
-1.316e-008,13
-1.314e-008,8
-1.312e-008,5
-1.31e-008,8
-1.308e-008,7
-1.306e-008,7
-1.304e-008,5
-1.302e-008,6
-1.3e-008,12
-1.298e-008,7
-1.296e-008,10
-1.294e-008,10
-1.292e-008,12
-1.29e-008,12
-1.288e-008,10
-1.286e-008,5
-1.284e-008,4
-1.282e-008,5
-1.28e-008,2
-1.278e-008,11
-1.276e-008,14
-1.274e-008,6
-1.272e-008,9
-1.27e-008,9
-1.268e-008,8
-1.266e-008,6
-1.264e-008,5
-1.262e-008,4
-1.26e-008,10
-1.258e-008,9
-1.256e-008,9
-1.254e-008,8
-1.252e-008,9
-1.25e-008,13
-1.248e-008,5
-1.246e-008,9
-1.244e-008,3
-1.242e-008,6
-1.24e-008,5
-1.238e-008,8
-1.236e-008,11
-1.234e-008,6
-1.232e-008,6
-1.23e-008,7
-1.228e-008,6
-1.226e-008,5
-1.224e-008,10
-1.222e-008,5
-1.22e-008,9
-1.218e-008,7
-1.216e-008,8
-1.214e-008,2
-1.212e-008,12
-1.21e-008,6
-1.208e-008,4
-1.206e-008,9
-1.204e-008,8
-1.202e-008,6
-1.2e-008,11
-1.198e-008,4
-1.196e-008,8
-1.194e-008,4
-1.192e-008,1
-1.19e-008,9
-1.188e-008,5
-1.186e-008,8
-1.184e-008,11
-1.182e-008,7
-1.18e-008,7
-1.178e-008,9
-1.176e-008,12
-1.174e-008,9
-1.172e-008,5
-1.17e-008,5
-1.168e-008,9
-1.166e-008,6
-1.164e-008,6
-1.162e-008,6
-1.16e-008,4
-1.158e-008,14
-1.156e-008,4
-1.154e-008,12
-1.152e-008,7
-1.15e-008,3
-1.148e-008,9
-1.146e-008,7
-1.144e-008,7
-1.142e-008,7
-1.14e-008,5
-1.138e-008,12
-1.136e-008,9
-1.134e-008,6
-1.132e-008,5
-1.13e-008,7
-1.128e-008,8
-1.126e-008,5
-1.124e-008,8
-1.122e-008,6
-1.12e-008,12
-1.118e-008,6
-1.116e-008,9
-1.114e-008,5
-1.112e-008,13
-1.11e-008,9
-1.108e-008,4
-1.106e-008,6
-1.104e-008,8
-1.102e-008,9
-1.1e-008,6
-1.098e-008,3
-1.096e-008,11
-1.094e-008,6
-1.092e-008,8
-1.09e-008,4
-1.088e-008,9
-1.086e-008,6
-1.084e-008,10
-1.082e-008,6
-1.08e-008,10
-1.078e-008,7
-1.076e-008,9
-1.074e-008,6
-1.072e-008,8
-1.07e-008,7
-1.068e-008,8
-1.066e-008,11
-1.064e-008,9
-1.062e-008,7
-1.06e-008,9
-1.058e-008,4
-1.056e-008,5
-1.054e-008,8
-1.052e-008,8
-1.05e-008,10
-1.048e-008,4
-1.046e-008,7
-1.044e-008,9
-1.042e-008,4
-1.04e-008,10
-1.038e-008,7
-1.036e-008,9
-1.034e-008,9
-1.032e-008,6
-1.03e-008,9
-1.028e-008,4
-1.026e-008,9
-1.024e-008,8
-1.022e-008,6
-1.02e-008,13
-1.018e-008,5
-1.016e-008,6
-1.014e-008,5
-1.012e-008,10
-1.01e-008,8
-1.008e-008,6
-1.006e-008,6
-1.004e-008,8
-1.002e-008,2
-1e-008,7
-9.98e-009,11
-9.96e-009,10
-9.94e-009,7
-9.92e-009,4
-9.9e-009,3
-9.88e-009,11
-9.86e-009,10
-9.84e-009,4
-9.82e-009,8
-9.8e-009,13
-9.78e-009,9
-9.76e-009,3
-9.74e-009,8
-9.72e-009,9
-9.7e-009,6
-9.68e-009,5
-9.66e-009,7
-9.64e-009,3
-9.62e-009,4
-9.6e-009,5
-9.58e-009,9
-9.56e-009,7
-9.54e-009,12
-9.52e-009,5
-9.5e-009,3
-9.48e-009,4
-9.46e-009,11
-9.44e-009,8
-9.42e-009,5
-9.4e-009,8
-9.38e-009,4
-9.36e-009,4
-9.34e-009,10
-9.32e-009,7
-9.3e-009,6
-9.28e-009,8
-9.26e-009,4
-9.24e-009,6
-9.22e-009,7
-9.2e-009,6
-9.18e-009,8
-9.16e-009,8
-9.14e-009,8
-9.12e-009,7
-9.1e-009,8
-9.08e-009,11
-9.06e-009,7
-9.04e-009,7
-9.02e-009,5
-9e-009,8
-8.98e-009,8
-8.96e-009,9
-8.94e-009,8
-8.92e-009,10
-8.9e-009,7
-8.88e-009,13
-8.86e-009,8
-8.84e-009,5
-8.82e-009,9
-8.8e-009,11
-8.78e-009,6
-8.76e-009,6
-8.74e-009,9
-8.72e-009,4
-8.7e-009,8
-8.68e-009,8
-8.66e-009,4
-8.64e-009,7
-8.62e-009,7
-8.6e-009,6
-8.58e-009,9
-8.56e-009,8
-8.54e-009,8
-8.52e-009,6
-8.5e-009,7
-8.48e-009,12
-8.46e-009,9
-8.44e-009,4
-8.42e-009,6
-8.4e-009,5
-8.38e-009,11
-8.36e-009,6
-8.34e-009,5
-8.32e-009,11
-8.3e-009,3
-8.28e-009,5
-8.26e-009,9
-8.24e-009,6
-8.22e-009,9
-8.2e-009,10
-8.18e-009,4
-8.16e-009,3
-8.14e-009,8
-8.12e-009,8
-8.1e-009,5
-8.08e-009,11
-8.06e-009,4
-8.04e-009,8
-8.02e-009,7
-8e-009,9
-7.98e-009,6
-7.96e-009,10
-7.94e-009,6
-7.92e-009,6
-7.9e-009,8
-7.88e-009,8
-7.86e-009,7
-7.84e-009,7
-7.82e-009,8
-7.8e-009,7
-7.78e-009,5
-7.76e-009,4
-7.74e-009,9
-7.72e-009,8
-7.7e-009,8
-7.68e-009,8
-7.66e-009,9
-7.64e-009,11
-7.62e-009,13
-7.6e-009,5
-7.58e-009,4
-7.56e-009,16
-7.54e-009,6
-7.52e-009,11
-7.5e-009,8
-7.48e-009,10
-7.46e-009,4
-7.44e-009,8
-7.42e-009,8
-7.4e-009,11
-7.38e-009,5
-7.36e-009,12
-7.34e-009,9
-7.32e-009,6
-7.3e-009,7
-7.28e-009,6
-7.26e-009,8
-7.24e-009,7
-7.22e-009,8
-7.2e-009,6
-7.18e-009,10
-7.16e-009,6
-7.14e-009,8
-7.12e-009,17
-7.1e-009,12
-7.08e-009,10
-7.06e-009,8
-7.04e-009,2
-7.02e-009,7
-7e-009,5
-6.98e-009,10
-6.96e-009,4
-6.94e-009,7
-6.92e-009,4
-6.9e-009,6
-6.88e-009,16
-6.86e-009,7
-6.84e-009,7
-6.82e-009,6
-6.8e-009,8
-6.78e-009,7
-6.76e-009,6
-6.74e-009,7
-6.72e-009,6
-6.7e-009,3
-6.68e-009,5
-6.66e-009,4
-6.64e-009,6
-6.62e-009,6
-6.6e-009,7
-6.58e-009,13
-6.56e-009,11
-6.54e-009,11
-6.52e-009,8
-6.5e-009,11
-6.48e-009,7
-6.46e-009,2
-6.44e-009,10
-6.42e-009,5
-6.4e-009,10
-6.38e-009,8
-6.36e-009,4
-6.34e-009,11
-6.32e-009,10
-6.3e-009,9
-6.28e-009,8
-6.26e-009,7
-6.24e-009,5
-6.22e-009,5
-6.2e-009,6
-6.18e-009,11
-6.16e-009,4
-6.14e-009,10
-6.12e-009,5
-6.1e-009,3
-6.08e-009,14
-6.06e-009,6
-6.04e-009,7
-6.02e-009,11
-6e-009,11
-5.98e-009,6
-5.96e-009,12
-5.94e-009,9
-5.92e-009,9
-5.9e-009,8
-5.88e-009,9
-5.86e-009,4
-5.84e-009,13
-5.82e-009,12
-5.8e-009,8
-5.78e-009,16
-5.76e-009,11
-5.74e-009,5
-5.72e-009,11
-5.7e-009,9
-5.68e-009,6
-5.66e-009,9
-5.64e-009,11
-5.62e-009,9
-5.6e-009,12
-5.58e-009,14
-5.56e-009,9
-5.54e-009,7
-5.52e-009,1
-5.5e-009,8
-5.48e-009,6
-5.46e-009,11
-5.44e-009,9
-5.42e-009,3
-5.4e-009,7
-5.38e-009,4
-5.36e-009,11
-5.34e-009,12
-5.32e-009,10
-5.3e-009,5
-5.28e-009,2
-5.26e-009,7
-5.24e-009,12
-5.22e-009,9
-5.2e-009,7
-5.18e-009,13
-5.16e-009,8
-5.14e-009,4
-5.12e-009,7
-5.1e-009,9
-5.08e-009,8
-5.06e-009,3
-5.04e-009,9
-5.02e-009,5
-5e-009,6
-4.98e-009,4
-4.96e-009,9
-4.94e-009,13
-4.92e-009,6
-4.9e-009,10
-4.88e-009,9
-4.86e-009,7
-4.84e-009,6
-4.82e-009,9
-4.8e-009,6
-4.78e-009,4
-4.76e-009,3
-4.74e-009,11
-4.72e-009,6
-4.7e-009,10
-4.68e-009,14
-4.66e-009,10
-4.64e-009,5
-4.62e-009,10
-4.6e-009,5
-4.58e-009,9
-4.56e-009,2
-4.54e-009,7
-4.52e-009,4
-4.5e-009,11
-4.48e-009,6
-4.46e-009,12
-4.44e-009,6
-4.42e-009,8
-4.4e-009,8
-4.38e-009,6
-4.36e-009,9
-4.34e-009,8
-4.32e-009,7
-4.3e-009,7
-4.28e-009,14
-4.26e-009,8
-4.24e-009,12
-4.22e-009,7
-4.2e-009,13
-4.18e-009,5
-4.16e-009,8
-4.14e-009,5
-4.12e-009,10
-4.1e-009,6
-4.08e-009,3
-4.06e-009,11
-4.04e-009,8
-4.02e-009,6
-4e-009,3
-3.98e-009,12
-3.96e-009,10
-3.94e-009,8
-3.92e-009,7
-3.9e-009,11
-3.88e-009,6
-3.86e-009,7
-3.84e-009,7
-3.82e-009,3
-3.8e-009,5
-3.78e-009,9
-3.76e-009,7
-3.74e-009,5
-3.72e-009,9
-3.7e-009,7
-3.68e-009,6
-3.66e-009,4
-3.64e-009,3
-3.62e-009,11
-3.6e-009,8
-3.58e-009,8
-3.56e-009,8
-3.54e-009,9
-3.52e-009,8
-3.5e-009,8
-3.48e-009,8
-3.46e-009,5
-3.44e-009,8
-3.42e-009,5
-3.4e-009,6
-3.38e-009,8
-3.36e-009,5
-3.34e-009,9
-3.32e-009,6
-3.3e-009,5
-3.28e-009,7
-3.26e-009,7
-3.24e-009,5
-3.22e-009,5
-3.2e-009,8
-3.18e-009,10
-3.16e-009,18
-3.14e-009,13
-3.12e-009,11
-3.1e-009,5
-3.08e-009,10
-3.06e-009,8
-3.04e-009,6
-3.02e-009,8
-3e-009,7
-2.98e-009,4
-2.96e-009,12
-2.94e-009,7
-2.92e-009,4
-2.9e-009,5
-2.88e-009,5
-2.86e-009,2
-2.84e-009,8
-2.82e-009,5
-2.8e-009,4
-2.78e-009,11
-2.76e-009,13
-2.74e-009,11
-2.72e-009,8
-2.7e-009,5
-2.68e-009,8
-2.66e-009,10
-2.64e-009,12
-2.62e-009,9
-2.6e-009,7
-2.58e-009,9
-2.56e-009,14
-2.54e-009,3
-2.52e-009,10
-2.5e-009,9
-2.48e-009,6
-2.46e-009,7
-2.44e-009,5
-2.42e-009,12
-2.4e-009,6
-2.38e-009,7
-2.36e-009,5
-2.34e-009,6
-2.32e-009,6
-2.3e-009,9
-2.28e-009,10
-2.26e-009,11
-2.24e-009,9
-2.22e-009,8
-2.2e-009,10
-2.18e-009,4
-2.16e-009,3
-2.14e-009,8
-2.12e-009,6
-2.1e-009,12
-2.08e-009,8
-2.06e-009,9
-2.04e-009,3
-2.02e-009,12
-2e-009,7
-1.98e-009,6
-1.96e-009,6
-1.94e-009,5
-1.92e-009,5
-1.9e-009,6
-1.88e-009,8
-1.86e-009,8
-1.84e-009,6
-1.82e-009,8
-1.8e-009,2
-1.78e-009,5
-1.76e-009,11
-1.74e-009,12
-1.72e-009,9
-1.7e-009,11
-1.68e-009,7
-1.66e-009,9
-1.64e-009,8
-1.62e-009,14
-1.6e-009,6
-1.58e-009,2
-1.56e-009,6
-1.54e-009,6
-1.52e-009,10
-1.5e-009,10
-1.48e-009,16
-1.46e-009,13
-1.44e-009,11
-1.42e-009,9
-1.4e-009,8
-1.38e-009,5
-1.36e-009,12
-1.34e-009,10
-1.32e-009,8
-1.3e-009,11
-1.28e-009,2
-1.26e-009,16
-1.24e-009,8
-1.22e-009,9
-1.2e-009,7
-1.18e-009,7
-1.16e-009,6
-1.14e-009,6
-1.12e-009,10
-1.1e-009,7
-1.08e-009,7
-1.06e-009,7
-1.04e-009,10
-1.02e-009,12
-1e-009,5
-9.8e-010,8
-9.6e-010,2
-9.4e-010,11
-9.2e-010,6
-9e-010,5
-8.8e-010,2
-8.6e-010,8
-8.4e-010,13
-8.2e-010,7
-8e-010,9
-7.8e-010,1
-7.6e-010,5
-7.4e-010,6
-7.2e-010,6
-7e-010,6
-6.8e-010,8
-6.6e-010,11
-6.4e-010,7
-6.2e-010,13
-6e-010,10
-5.8e-010,9
-5.6e-010,3
-5.4e-010,10
-5.2e-010,9
-5e-010,6
-4.8e-010,6
-4.6e-010,5
-4.4e-010,9
-4.2e-010,0
-4e-010,0
-3.8e-010,0
-3.6e-010,0
-3.4e-010,0
-3.2e-010,0
-3e-010,0
-2.8e-010,0
-2.6e-010,0
-2.4e-010,0
-2.2e-010,0
-2e-010,0
-1.8e-010,0
-1.6e-010,0
-1.4e-010,0
-1.2e-010,0
-1e-010,0
-8e-011,0
-6e-011,0
-4e-011,0
-2e-011,0
