#Dt	counts	counts_err
-1.0799999999999999e-08	11.0	1.7777108047139163e-07
-1.079e-08	8.0	1.7976278324112974e-07
-1.078e-08	11.0	1.7777108047139163e-07
-1.077e-08	6.0	1.810905850876218e-07
-1.076e-08	6.0	1.810905850876218e-07
-1.0749999999999999e-08	9.0	1.7909888231788369e-07
-1.0739999999999999e-08	6.0	1.810905850876218e-07
-1.0729999999999999e-08	8.0	1.7976278324112974e-07
-1.072e-08	7.0	1.8042668416437577e-07
-1.071e-08	12.0	1.7710717954814574e-07
-1.07e-08	16.0	1.7445157585516142e-07
-1.069e-08	5.0	1.817544860108678e-07
-1.0679999999999999e-08	12.0	1.7710717954814574e-07
-1.0669999999999999e-08	6.0	1.810905850876218e-07
-1.0659999999999999e-08	7.0	1.8042668416437577e-07
-1.065e-08	11.0	1.7777108047139163e-07
-1.064e-08	10.0	1.7843498139463763e-07
-1.063e-08	8.0	1.7976278324112974e-07
-1.062e-08	7.0	1.8042668416437577e-07
-1.0609999999999999e-08	7.0	1.8042668416437577e-07
-1.0599999999999999e-08	15.0	1.751154767784074e-07
-1.059e-08	6.0	1.810905850876218e-07
-1.058e-08	11.0	1.7777108047139163e-07
-1.057e-08	9.0	1.7909888231788369e-07
-1.056e-08	11.0	1.7777108047139163e-07
-1.055e-08	11.0	1.7777108047139163e-07
-1.0539999999999999e-08	8.0	1.7976278324112974e-07
-1.0529999999999999e-08	12.0	1.7710717954814574e-07
-1.052e-08	5.0	1.817544860108678e-07
-1.051e-08	9.0	1.7909888231788369e-07
-1.05e-08	9.0	1.7909888231788369e-07
-1.049e-08	7.0	1.8042668416437577e-07
-1.0479999999999999e-08	9.0	1.7909888231788369e-07
-1.0469999999999999e-08	7.0	1.8042668416437577e-07
-1.0459999999999999e-08	5.0	1.817544860108678e-07
-1.045e-08	5.0	1.817544860108678e-07
-1.044e-08	4.0	1.8241838693411377e-07
-1.043e-08	12.0	1.7710717954814574e-07
-1.042e-08	11.0	1.7777108047139163e-07
-1.0409999999999999e-08	6.0	1.810905850876218e-07
-1.0399999999999999e-08	14.0	1.757793777016536e-07
-1.0389999999999999e-08	16.0	1.7445157585516142e-07
-1.038e-08	13.0	1.7644327862489963e-07
-1.037e-08	6.0	1.810905850876218e-07
-1.036e-08	9.0	1.7909888231788369e-07
-1.035e-08	13.0	1.7644327862489963e-07
-1.0339999999999999e-08	14.0	1.757793777016536e-07
-1.0329999999999999e-08	5.0	1.817544860108678e-07
-1.0319999999999999e-08	10.0	1.7843498139463763e-07
-1.031e-08	9.0	1.7909888231788369e-07
-1.03e-08	14.0	1.757793777016536e-07
-1.029e-08	4.0	1.8241838693411377e-07
-1.028e-08	7.0	1.8042668416437577e-07
-1.0269999999999999e-08	9.0	1.7909888231788369e-07
-1.0259999999999999e-08	8.0	1.7976278324112974e-07
-1.0249999999999999e-08	7.0	1.8042668416437577e-07
-1.024e-08	7.0	1.8042668416437577e-07
-1.023e-08	6.0	1.810905850876218e-07
-1.022e-08	12.0	1.7710717954814574e-07
-1.021e-08	10.0	1.7843498139463763e-07
-1.0199999999999999e-08	8.0	1.7976278324112974e-07
-1.0189999999999999e-08	15.0	1.751154767784074e-07
-1.018e-08	12.0	1.7710717954814574e-07
-1.017e-08	10.0	1.7843498139463763e-07
-1.016e-08	12.0	1.7710717954814574e-07
-1.015e-08	11.0	1.7777108047139163e-07
-1.014e-08	4.0	1.8241838693411377e-07
-1.0129999999999999e-08	5.0	1.817544860108678e-07
-1.0119999999999999e-08	13.0	1.7644327862489963e-07
-1.011e-08	6.0	1.810905850876218e-07
-1.01e-08	15.0	1.751154767784074e-07
-1.009e-08	11.0	1.7777108047139163e-07
-1.008e-08	3.0	1.8308228785735974e-07
-1.007e-08	11.0	1.7777108047139163e-07
-1.0059999999999999e-08	16.0	1.7445157585516142e-07
-1.0049999999999999e-08	5.0	1.817544860108678e-07
-1.004e-08	13.0	1.7644327862489963e-07
-1.003e-08	12.0	1.7710717954814574e-07
-1.002e-08	13.0	1.7644327862489963e-07
-1.001e-08	13.0	1.7644327862489963e-07
-1e-08	10.0	1.7843498139463763e-07
-9.989999999999999e-09	4.0	1.8241838693411377e-07
-9.979999999999999e-09	14.0	1.757793777016536e-07
-9.97e-09	9.0	1.7909888231788369e-07
-9.96e-09	5.0	1.817544860108678e-07
-9.95e-09	5.0	1.817544860108678e-07
-9.94e-09	11.0	1.7777108047139163e-07
-9.929999999999999e-09	8.0	1.7976278324112974e-07
-9.919999999999999e-09	11.0	1.7777108047139163e-07
-9.909999999999999e-09	8.0	1.7976278324112974e-07
-9.9e-09	5.0	1.817544860108678e-07
-9.89e-09	7.0	1.8042668416437577e-07
-9.88e-09	7.0	1.8042668416437577e-07
-9.87e-09	13.0	1.7644327862489963e-07
-9.859999999999999e-09	10.0	1.7843498139463763e-07
-9.849999999999999e-09	9.0	1.7909888231788369e-07
-9.839999999999999e-09	9.0	1.7909888231788369e-07
-9.83e-09	7.0	1.8042668416437577e-07
-9.82e-09	12.0	1.7710717954814574e-07
-9.81e-09	6.0	1.810905850876218e-07
-9.8e-09	6.0	1.810905850876218e-07
-9.789999999999999e-09	11.0	1.7777108047139163e-07
-9.779999999999999e-09	12.0	1.7710717954814574e-07
-9.769999999999999e-09	4.0	1.8241838693411377e-07
-9.76e-09	11.0	1.7777108047139163e-07
-9.75e-09	6.0	1.810905850876218e-07
-9.74e-09	10.0	1.7843498139463763e-07
-9.73e-09	11.0	1.7777108047139163e-07
-9.719999999999999e-09	12.0	1.7710717954814574e-07
-9.709999999999999e-09	8.0	1.7976278324112974e-07
-9.7e-09	15.0	1.751154767784074e-07
-9.69e-09	6.0	1.810905850876218e-07
-9.68e-09	8.0	1.7976278324112974e-07
-9.67e-09	12.0	1.7710717954814574e-07
-9.66e-09	6.0	1.810905850876218e-07
-9.649999999999999e-09	17.0	1.737876749319155e-07
-9.639999999999999e-09	10.0	1.7843498139463763e-07
-9.63e-09	6.0	1.810905850876218e-07
-9.62e-09	9.0	1.7909888231788369e-07
-9.61e-09	5.0	1.817544860108678e-07
-9.6e-09	11.0	1.7777108047139163e-07
-9.59e-09	7.0	1.8042668416437577e-07
-9.579999999999999e-09	9.0	1.7909888231788369e-07
-9.569999999999999e-09	11.0	1.7777108047139163e-07
-9.56e-09	13.0	1.7644327862489963e-07
-9.55e-09	10.0	1.7843498139463763e-07
-9.54e-09	5.0	1.817544860108678e-07
-9.53e-09	14.0	1.757793777016536e-07
-9.52e-09	10.0	1.7843498139463763e-07
-9.509999999999999e-09	10.0	1.7843498139463763e-07
-9.499999999999999e-09	9.0	1.7909888231788369e-07
-9.49e-09	7.0	1.8042668416437577e-07
-9.48e-09	11.0	1.7777108047139163e-07
-9.47e-09	13.0	1.7644327862489963e-07
-9.46e-09	6.0	1.810905850876218e-07
-9.45e-09	10.0	1.7843498139463763e-07
-9.439999999999999e-09	7.0	1.8042668416437577e-07
-9.429999999999999e-09	11.0	1.7777108047139163e-07
-9.42e-09	3.0	1.8308228785735974e-07
-9.41e-09	14.0	1.757793777016536e-07
-9.4e-09	5.0	1.817544860108678e-07
-9.39e-09	13.0	1.7644327862489963e-07
-9.379999999999999e-09	8.0	1.7976278324112974e-07
-9.369999999999999e-09	5.0	1.817544860108678e-07
-9.359999999999999e-09	11.0	1.7777108047139163e-07
-9.35e-09	8.0	1.7976278324112974e-07
-9.34e-09	9.0	1.7909888231788369e-07
-9.33e-09	9.0	1.7909888231788369e-07
-9.32e-09	8.0	1.7976278324112974e-07
-9.309999999999999e-09	11.0	1.7777108047139163e-07
-9.299999999999999e-09	9.0	1.7909888231788369e-07
-9.289999999999999e-09	6.0	1.810905850876218e-07
-9.28e-09	12.0	1.7710717954814574e-07
-9.27e-09	9.0	1.7909888231788369e-07
-9.26e-09	9.0	1.7909888231788369e-07
-9.25e-09	7.0	1.8042668416437577e-07
-9.239999999999999e-09	8.0	1.7976278324112974e-07
-9.229999999999999e-09	10.0	1.7843498139463763e-07
-9.22e-09	12.0	1.7710717954814574e-07
-9.21e-09	8.0	1.7976278324112974e-07
-9.2e-09	8.0	1.7976278324112974e-07
-9.19e-09	6.0	1.810905850876218e-07
-9.18e-09	10.0	1.7843498139463763e-07
-9.169999999999999e-09	14.0	1.757793777016536e-07
-9.159999999999999e-09	16.0	1.7445157585516142e-07
-9.15e-09	9.0	1.7909888231788369e-07
-9.14e-09	14.0	1.757793777016536e-07
-9.13e-09	6.0	1.810905850876218e-07
-9.12e-09	11.0	1.7777108047139163e-07
-9.11e-09	9.0	1.7909888231788369e-07
-9.099999999999999e-09	12.0	1.7710717954814574e-07
-9.089999999999999e-09	12.0	1.7710717954814574e-07
-9.08e-09	11.0	1.7777108047139163e-07
-9.07e-09	9.0	1.7909888231788369e-07
-9.06e-09	4.0	1.8241838693411377e-07
-9.05e-09	11.0	1.7777108047139163e-07
-9.04e-09	7.0	1.8042668416437577e-07
-9.029999999999999e-09	3.0	1.8308228785735974e-07
-9.019999999999999e-09	9.0	1.7909888231788369e-07
-9.01e-09	5.0	1.817544860108678e-07
-9e-09	9.0	1.7909888231788369e-07
-8.99e-09	4.0	1.8241838693411377e-07
-8.98e-09	15.0	1.751154767784074e-07
-8.97e-09	11.0	1.7777108047139163e-07
-8.959999999999999e-09	7.0	1.8042668416437577e-07
-8.949999999999999e-09	5.0	1.817544860108678e-07
-8.94e-09	4.0	1.8241838693411377e-07
-8.93e-09	9.0	1.7909888231788369e-07
-8.92e-09	16.0	1.7445157585516142e-07
-8.91e-09	11.0	1.7777108047139163e-07
-8.9e-09	16.0	1.7445157585516142e-07
-8.889999999999999e-09	11.0	1.7777108047139163e-07
-8.879999999999999e-09	6.0	1.810905850876218e-07
-8.87e-09	7.0	1.8042668416437577e-07
-8.86e-09	7.0	1.8042668416437577e-07
-8.85e-09	11.0	1.7777108047139163e-07
-8.84e-09	9.0	1.7909888231788369e-07
-8.829999999999999e-09	7.0	1.8042668416437577e-07
-8.819999999999999e-09	22.0	1.7046817031568526e-07
-8.809999999999999e-09	6.0	1.810905850876218e-07
-8.8e-09	7.0	1.8042668416437577e-07
-8.79e-09	10.0	1.7843498139463763e-07
-8.78e-09	10.0	1.7843498139463763e-07
-8.77e-09	11.0	1.7777108047139163e-07
-8.759999999999999e-09	11.0	1.7777108047139163e-07
-8.749999999999999e-09	13.0	1.7644327862489963e-07
-8.74e-09	11.0	1.7777108047139163e-07
-8.73e-09	6.0	1.810905850876218e-07
-8.72e-09	5.0	1.817544860108678e-07
-8.71e-09	16.0	1.7445157585516142e-07
-8.7e-09	6.0	1.810905850876218e-07
-8.689999999999999e-09	11.0	1.7777108047139163e-07
-8.679999999999999e-09	10.0	1.7843498139463763e-07
-8.67e-09	8.0	1.7976278324112974e-07
-8.66e-09	5.0	1.817544860108678e-07
-8.65e-09	11.0	1.7777108047139163e-07
-8.64e-09	10.0	1.7843498139463763e-07
-8.63e-09	9.0	1.7909888231788369e-07
-8.619999999999999e-09	5.0	1.817544860108678e-07
-8.609999999999999e-09	7.0	1.8042668416437577e-07
-8.6e-09	9.0	1.7909888231788369e-07
-8.59e-09	11.0	1.7777108047139163e-07
-8.58e-09	8.0	1.7976278324112974e-07
-8.57e-09	6.0	1.810905850876218e-07
-8.56e-09	11.0	1.7777108047139163e-07
-8.549999999999999e-09	8.0	1.7976278324112974e-07
-8.539999999999999e-09	11.0	1.7777108047139163e-07
-8.53e-09	8.0	1.7976278324112974e-07
-8.52e-09	8.0	1.7976278324112974e-07
-8.51e-09	11.0	1.7777108047139163e-07
-8.5e-09	9.0	1.7909888231788369e-07
-8.49e-09	7.0	1.8042668416437577e-07
-8.479999999999999e-09	11.0	1.7777108047139163e-07
-8.469999999999999e-09	10.0	1.7843498139463763e-07
-8.46e-09	8.0	1.7976278324112974e-07
-8.45e-09	13.0	1.7644327862489963e-07
-8.44e-09	5.0	1.817544860108678e-07
-8.43e-09	14.0	1.757793777016536e-07
-8.42e-09	7.0	1.8042668416437577e-07
-8.409999999999999e-09	7.0	1.8042668416437577e-07
-8.399999999999999e-09	9.0	1.7909888231788369e-07
-8.39e-09	7.0	1.8042668416437577e-07
-8.38e-09	7.0	1.8042668416437577e-07
-8.37e-09	11.0	1.7777108047139163e-07
-8.36e-09	6.0	1.810905850876218e-07
-8.349999999999999e-09	9.0	1.7909888231788369e-07
-8.339999999999999e-09	7.0	1.8042668416437577e-07
-8.329999999999999e-09	11.0	1.7777108047139163e-07
-8.32e-09	8.0	1.7976278324112974e-07
-8.31e-09	9.0	1.7909888231788369e-07
-8.3e-09	11.0	1.7777108047139163e-07
-8.29e-09	5.0	1.817544860108678e-07
-8.279999999999999e-09	16.0	1.7445157585516142e-07
-8.269999999999999e-09	7.0	1.8042668416437577e-07
-8.26e-09	9.0	1.7909888231788369e-07
-8.25e-09	10.0	1.7843498139463763e-07
-8.24e-09	7.0	1.8042668416437577e-07
-8.23e-09	13.0	1.7644327862489963e-07
-8.22e-09	5.0	1.817544860108678e-07
-8.209999999999999e-09	9.0	1.7909888231788369e-07
-8.199999999999999e-09	11.0	1.7777108047139163e-07
-8.19e-09	9.0	1.7909888231788369e-07
-8.18e-09	9.0	1.7909888231788369e-07
-8.17e-09	6.0	1.810905850876218e-07
-8.16e-09	13.0	1.7644327862489963e-07
-8.15e-09	9.0	1.7909888231788369e-07
-8.139999999999999e-09	12.0	1.7710717954814574e-07
-8.129999999999999e-09	9.0	1.7909888231788369e-07
-8.12e-09	13.0	1.7644327862489963e-07
-8.11e-09	14.0	1.757793777016536e-07
-8.1e-09	9.0	1.7909888231788369e-07
-8.09e-09	8.0	1.7976278324112974e-07
-8.08e-09	15.0	1.751154767784074e-07
-8.069999999999999e-09	5.0	1.817544860108678e-07
-8.059999999999999e-09	11.0	1.7777108047139163e-07
-8.05e-09	12.0	1.7710717954814574e-07
-8.04e-09	8.0	1.7976278324112974e-07
-8.03e-09	7.0	1.8042668416437577e-07
-8.02e-09	7.0	1.8042668416437577e-07
-8.01e-09	6.0	1.810905850876218e-07
-7.999999999999999e-09	13.0	1.7644327862489963e-07
-7.989999999999999e-09	9.0	1.7909888231788369e-07
-7.98e-09	11.0	1.7777108047139163e-07
-7.97e-09	2.0	1.8374618878060593e-07
-7.96e-09	6.0	1.810905850876218e-07
-7.95e-09	8.0	1.7976278324112974e-07
-7.94e-09	10.0	1.7843498139463763e-07
-7.929999999999999e-09	11.0	1.7777108047139163e-07
-7.919999999999999e-09	8.0	1.7976278324112974e-07
-7.91e-09	13.0	1.7644327862489963e-07
-7.9e-09	15.0	1.751154767784074e-07
-7.89e-09	7.0	1.8042668416437577e-07
-7.88e-09	11.0	1.7777108047139163e-07
-7.87e-09	5.0	1.817544860108678e-07
-7.859999999999999e-09	8.0	1.7976278324112974e-07
-7.849999999999999e-09	9.0	1.7909888231788369e-07
-7.84e-09	9.0	1.7909888231788369e-07
-7.83e-09	10.0	1.7843498139463763e-07
-7.82e-09	9.0	1.7909888231788369e-07
-7.81e-09	8.0	1.7976278324112974e-07
-7.799999999999999e-09	8.0	1.7976278324112974e-07
-7.789999999999999e-09	12.0	1.7710717954814574e-07
-7.78e-09	11.0	1.7777108047139163e-07
-7.77e-09	8.0	1.7976278324112974e-07
-7.76e-09	15.0	1.751154767784074e-07
-7.75e-09	16.0	1.7445157585516142e-07
-7.74e-09	9.0	1.7909888231788369e-07
-7.729999999999999e-09	12.0	1.7710717954814574e-07
-7.719999999999999e-09	13.0	1.7644327862489963e-07
-7.71e-09	13.0	1.7644327862489963e-07
-7.7e-09	14.0	1.757793777016536e-07
-7.69e-09	11.0	1.7777108047139163e-07
-7.68e-09	7.0	1.8042668416437577e-07
-7.67e-09	10.0	1.7843498139463763e-07
-7.659999999999999e-09	13.0	1.7644327862489963e-07
-7.649999999999999e-09	7.0	1.8042668416437577e-07
-7.64e-09	15.0	1.751154767784074e-07
-7.63e-09	4.0	1.8241838693411377e-07
-7.62e-09	8.0	1.7976278324112974e-07
-7.61e-09	15.0	1.751154767784074e-07
-7.6e-09	7.0	1.8042668416437577e-07
-7.589999999999999e-09	12.0	1.7710717954814574e-07
-7.579999999999999e-09	12.0	1.7710717954814574e-07
-7.57e-09	6.0	1.810905850876218e-07
-7.56e-09	13.0	1.7644327862489963e-07
-7.55e-09	10.0	1.7843498139463763e-07
-7.54e-09	8.0	1.7976278324112974e-07
-7.53e-09	14.0	1.757793777016536e-07
-7.519999999999999e-09	7.0	1.8042668416437577e-07
-7.509999999999999e-09	8.0	1.7976278324112974e-07
-7.5e-09	6.0	1.810905850876218e-07
-7.49e-09	8.0	1.7976278324112974e-07
-7.48e-09	9.0	1.7909888231788369e-07
-7.47e-09	9.0	1.7909888231788369e-07
-7.46e-09	7.0	1.8042668416437577e-07
-7.45e-09	7.0	1.8042668416437577e-07
-7.44e-09	8.0	1.7976278324112974e-07
-7.429999999999999e-09	13.0	1.7644327862489963e-07
-7.42e-09	11.0	1.7777108047139163e-07
-7.41e-09	13.0	1.7644327862489963e-07
-7.399999999999999e-09	8.0	1.7976278324112974e-07
-7.3899999999999995e-09	6.0	1.810905850876218e-07
-7.38e-09	6.0	1.810905850876218e-07
-7.369999999999999e-09	10.0	1.7843498139463763e-07
-7.359999999999999e-09	10.0	1.7843498139463763e-07
-7.35e-09	4.0	1.8241838693411377e-07
-7.34e-09	11.0	1.7777108047139163e-07
-7.329999999999999e-09	12.0	1.7710717954814574e-07
-7.3199999999999995e-09	12.0	1.7710717954814574e-07
-7.31e-09	8.0	1.7976278324112974e-07
-7.299999999999999e-09	9.0	1.7909888231788369e-07
-7.2899999999999994e-09	14.0	1.757793777016536e-07
-7.28e-09	11.0	1.7777108047139163e-07
-7.27e-09	7.0	1.8042668416437577e-07
-7.259999999999999e-09	10.0	1.7843498139463763e-07
-7.2499999999999996e-09	8.0	1.7976278324112974e-07
-7.24e-09	8.0	1.7976278324112974e-07
-7.229999999999999e-09	8.0	1.7976278324112974e-07
-7.2199999999999995e-09	6.0	1.810905850876218e-07
-7.21e-09	13.0	1.7644327862489963e-07
-7.2e-09	13.0	1.7644327862489963e-07
-7.189999999999999e-09	6.0	1.810905850876218e-07
-7.18e-09	7.0	1.8042668416437577e-07
-7.17e-09	8.0	1.7976278324112974e-07
-7.159999999999999e-09	12.0	1.7710717954814574e-07
-7.1499999999999995e-09	10.0	1.7843498139463763e-07
-7.14e-09	5.0	1.817544860108678e-07
-7.129999999999999e-09	11.0	1.7777108047139163e-07
-7.119999999999999e-09	3.0	1.8308228785735974e-07
-7.11e-09	12.0	1.7710717954814574e-07
-7.1e-09	7.0	1.8042668416437577e-07
-7.089999999999999e-09	5.0	1.817544860108678e-07
-7.0799999999999995e-09	11.0	1.7777108047139163e-07
-7.07e-09	11.0	1.7777108047139163e-07
-7.059999999999999e-09	7.0	1.8042668416437577e-07
-7.0499999999999994e-09	10.0	1.7843498139463763e-07
-7.04e-09	11.0	1.7777108047139163e-07
-7.03e-09	11.0	1.7777108047139163e-07
-7.019999999999999e-09	15.0	1.751154767784074e-07
-7.0099999999999996e-09	7.0	1.8042668416437577e-07
-7e-09	17.0	1.737876749319155e-07
-6.989999999999999e-09	6.0	1.810905850876218e-07
-6.9799999999999995e-09	6.0	1.810905850876218e-07
-6.97e-09	5.0	1.817544860108678e-07
-6.96e-09	9.0	1.7909888231788369e-07
-6.949999999999999e-09	7.0	1.8042668416437577e-07
-6.94e-09	7.0	1.8042668416437577e-07
-6.93e-09	10.0	1.7843498139463763e-07
-6.919999999999999e-09	11.0	1.7777108047139163e-07
-6.9099999999999995e-09	8.0	1.7976278324112974e-07
-6.9e-09	6.0	1.810905850876218e-07
-6.89e-09	6.0	1.810905850876218e-07
-6.879999999999999e-09	13.0	1.7644327862489963e-07
-6.87e-09	7.0	1.8042668416437577e-07
-6.86e-09	7.0	1.8042668416437577e-07
-6.849999999999999e-09	10.0	1.7843498139463763e-07
-6.8399999999999995e-09	8.0	1.7976278324112974e-07
-6.83e-09	7.0	1.8042668416437577e-07
-6.819999999999999e-09	9.0	1.7909888231788369e-07
-6.8099999999999994e-09	10.0	1.7843498139463763e-07
-6.8e-09	8.0	1.7976278324112974e-07
-6.79e-09	8.0	1.7976278324112974e-07
-6.779999999999999e-09	14.0	1.757793777016536e-07
-6.7699999999999996e-09	14.0	1.757793777016536e-07
-6.76e-09	10.0	1.7843498139463763e-07
-6.749999999999999e-09	10.0	1.7843498139463763e-07
-6.7399999999999995e-09	8.0	1.7976278324112974e-07
-6.73e-09	10.0	1.7843498139463763e-07
-6.72e-09	7.0	1.8042668416437577e-07
-6.709999999999999e-09	7.0	1.8042668416437577e-07
-6.7e-09	8.0	1.7976278324112974e-07
-6.69e-09	5.0	1.817544860108678e-07
-6.679999999999999e-09	13.0	1.7644327862489963e-07
-6.6699999999999995e-09	9.0	1.7909888231788369e-07
-6.66e-09	6.0	1.810905850876218e-07
-6.65e-09	12.0	1.7710717954814574e-07
-6.639999999999999e-09	8.0	1.7976278324112974e-07
-6.63e-09	15.0	1.751154767784074e-07
-6.62e-09	11.0	1.7777108047139163e-07
-6.609999999999999e-09	6.0	1.810905850876218e-07
-6.5999999999999995e-09	11.0	1.7777108047139163e-07
-6.59e-09	13.0	1.7644327862489963e-07
-6.579999999999999e-09	10.0	1.7843498139463763e-07
-6.5699999999999994e-09	9.0	1.7909888231788369e-07
-6.56e-09	7.0	1.8042668416437577e-07
-6.55e-09	8.0	1.7976278324112974e-07
-6.539999999999999e-09	8.0	1.7976278324112974e-07
-6.5299999999999996e-09	6.0	1.810905850876218e-07
-6.52e-09	9.0	1.7909888231788369e-07
-6.509999999999999e-09	7.0	1.8042668416437577e-07
-6.4999999999999995e-09	15.0	1.751154767784074e-07
-6.49e-09	7.0	1.8042668416437577e-07
-6.48e-09	11.0	1.7777108047139163e-07
-6.469999999999999e-09	5.0	1.817544860108678e-07
-6.46e-09	10.0	1.7843498139463763e-07
-6.45e-09	7.0	1.8042668416437577e-07
-6.439999999999999e-09	12.0	1.7710717954814574e-07
-6.4299999999999995e-09	4.0	1.8241838693411377e-07
-6.42e-09	14.0	1.757793777016536e-07
-6.41e-09	13.0	1.7644327862489963e-07
-6.399999999999999e-09	7.0	1.8042668416437577e-07
-6.39e-09	8.0	1.7976278324112974e-07
-6.38e-09	9.0	1.7909888231788369e-07
-6.369999999999999e-09	11.0	1.7777108047139163e-07
-6.3599999999999995e-09	6.0	1.810905850876218e-07
-6.35e-09	6.0	1.810905850876218e-07
-6.34e-09	15.0	1.751154767784074e-07
-6.3299999999999994e-09	2.0	1.8374618878060593e-07
-6.32e-09	15.0	1.751154767784074e-07
-6.31e-09	9.0	1.7909888231788369e-07
-6.299999999999999e-09	9.0	1.7909888231788369e-07
-6.2899999999999996e-09	7.0	1.8042668416437577e-07
-6.28e-09	8.0	1.7976278324112974e-07
-6.269999999999999e-09	8.0	1.7976278324112974e-07
-6.2599999999999995e-09	6.0	1.810905850876218e-07
-6.25e-09	6.0	1.810905850876218e-07
-6.24e-09	14.0	1.757793777016536e-07
-6.229999999999999e-09	11.0	1.7777108047139163e-07
-6.22e-09	6.0	1.810905850876218e-07
-6.21e-09	9.0	1.7909888231788369e-07
-6.199999999999999e-09	11.0	1.7777108047139163e-07
-6.1899999999999995e-09	5.0	1.817544860108678e-07
-6.18e-09	11.0	1.7777108047139163e-07
-6.17e-09	9.0	1.7909888231788369e-07
-6.159999999999999e-09	10.0	1.7843498139463763e-07
-6.15e-09	10.0	1.7843498139463763e-07
-6.14e-09	8.0	1.7976278324112974e-07
-6.129999999999999e-09	14.0	1.757793777016536e-07
-6.1199999999999995e-09	7.0	1.8042668416437577e-07
-6.11e-09	8.0	1.7976278324112974e-07
-6.1e-09	3.0	1.8308228785735974e-07
-6.0899999999999994e-09	8.0	1.7976278324112974e-07
-6.08e-09	10.0	1.7843498139463763e-07
-6.07e-09	11.0	1.7777108047139163e-07
-6.059999999999999e-09	10.0	1.7843498139463763e-07
-6.0499999999999996e-09	5.0	1.817544860108678e-07
-6.04e-09	13.0	1.7644327862489963e-07
-6.029999999999999e-09	14.0	1.757793777016536e-07
-6.0199999999999995e-09	6.0	1.810905850876218e-07
-6.01e-09	14.0	1.757793777016536e-07
-6e-09	8.0	1.7976278324112974e-07
-5.989999999999999e-09	7.0	1.8042668416437577e-07
-5.98e-09	8.0	1.7976278324112974e-07
-5.97e-09	10.0	1.7843498139463763e-07
-5.959999999999999e-09	9.0	1.7909888231788369e-07
-5.9499999999999995e-09	6.0	1.810905850876218e-07
-5.94e-09	9.0	1.7909888231788369e-07
-5.93e-09	12.0	1.7710717954814574e-07
-5.919999999999999e-09	8.0	1.7976278324112974e-07
-5.91e-09	3.0	1.8308228785735974e-07
-5.9e-09	8.0	1.7976278324112974e-07
-5.889999999999999e-09	9.0	1.7909888231788369e-07
-5.8799999999999995e-09	8.0	1.7976278324112974e-07
-5.87e-09	10.0	1.7843498139463763e-07
-5.86e-09	9.0	1.7909888231788369e-07
-5.8499999999999994e-09	9.0	1.7909888231788369e-07
-5.84e-09	10.0	1.7843498139463763e-07
-5.83e-09	9.0	1.7909888231788369e-07
-5.819999999999999e-09	9.0	1.7909888231788369e-07
-5.8099999999999996e-09	12.0	1.7710717954814574e-07
-5.8e-09	6.0	1.810905850876218e-07
-5.789999999999999e-09	7.0	1.8042668416437577e-07
-5.7799999999999995e-09	6.0	1.810905850876218e-07
-5.77e-09	10.0	1.7843498139463763e-07
-5.76e-09	9.0	1.7909888231788369e-07
-5.749999999999999e-09	6.0	1.810905850876218e-07
-5.74e-09	14.0	1.757793777016536e-07
-5.73e-09	7.0	1.8042668416437577e-07
-5.719999999999999e-09	7.0	1.8042668416437577e-07
-5.7099999999999995e-09	12.0	1.7710717954814574e-07
-5.7e-09	5.0	1.817544860108678e-07
-5.69e-09	6.0	1.810905850876218e-07
-5.679999999999999e-09	3.0	1.8308228785735974e-07
-5.67e-09	10.0	1.7843498139463763e-07
-5.66e-09	8.0	1.7976278324112974e-07
-5.649999999999999e-09	12.0	1.7710717954814574e-07
-5.6399999999999995e-09	6.0	1.810905850876218e-07
-5.63e-09	9.0	1.7909888231788369e-07
-5.62e-09	5.0	1.817544860108678e-07
-5.6099999999999994e-09	7.0	1.8042668416437577e-07
-5.6e-09	9.0	1.7909888231788369e-07
-5.59e-09	7.0	1.8042668416437577e-07
-5.579999999999999e-09	12.0	1.7710717954814574e-07
-5.5699999999999996e-09	7.0	1.8042668416437577e-07
-5.56e-09	14.0	1.757793777016536e-07
-5.55e-09	10.0	1.7843498139463763e-07
-5.5399999999999995e-09	14.0	1.757793777016536e-07
-5.53e-09	8.0	1.7976278324112974e-07
-5.52e-09	11.0	1.7777108047139163e-07
-5.509999999999999e-09	9.0	1.7909888231788369e-07
-5.5e-09	5.0	1.817544860108678e-07
-5.49e-09	5.0	1.817544860108678e-07
-5.479999999999999e-09	10.0	1.7843498139463763e-07
-5.4699999999999995e-09	7.0	1.8042668416437577e-07
-5.46e-09	6.0	1.810905850876218e-07
-5.45e-09	4.0	1.8241838693411377e-07
-5.439999999999999e-09	12.0	1.7710717954814574e-07
-5.43e-09	5.0	1.817544860108678e-07
-5.42e-09	12.0	1.7710717954814574e-07
-5.409999999999999e-09	7.0	1.8042668416437577e-07
-5.3999999999999996e-09	8.0	1.7976278324112974e-07
-5.39e-09	6.0	1.810905850876218e-07
-5.38e-09	10.0	1.7843498139463763e-07
-5.3699999999999994e-09	11.0	1.7777108047139163e-07
-5.36e-09	8.0	1.7976278324112974e-07
-5.35e-09	8.0	1.7976278324112974e-07
-5.339999999999999e-09	10.0	1.7843498139463763e-07
-5.3299999999999996e-09	4.0	1.8241838693411377e-07
-5.32e-09	10.0	1.7843498139463763e-07
-5.31e-09	7.0	1.8042668416437577e-07
-5.2999999999999995e-09	5.0	1.817544860108678e-07
-5.29e-09	11.0	1.7777108047139163e-07
-5.28e-09	12.0	1.7710717954814574e-07
-5.269999999999999e-09	7.0	1.8042668416437577e-07
-5.26e-09	8.0	1.7976278324112974e-07
-5.25e-09	6.0	1.810905850876218e-07
-5.239999999999999e-09	8.0	1.7976278324112974e-07
-5.2299999999999995e-09	11.0	1.7777108047139163e-07
-5.22e-09	8.0	1.7976278324112974e-07
-5.21e-09	10.0	1.7843498139463763e-07
-5.1999999999999994e-09	14.0	1.757793777016536e-07
-5.19e-09	3.0	1.8308228785735974e-07
-5.18e-09	4.0	1.8241838693411377e-07
-5.169999999999999e-09	8.0	1.7976278324112974e-07
-5.1599999999999996e-09	6.0	1.810905850876218e-07
-5.15e-09	12.0	1.7710717954814574e-07
-5.14e-09	13.0	1.7644327862489963e-07
-5.1299999999999994e-09	11.0	1.7777108047139163e-07
-5.12e-09	9.0	1.7909888231788369e-07
-5.11e-09	10.0	1.7843498139463763e-07
-5.099999999999999e-09	10.0	1.7843498139463763e-07
-5.09e-09	11.0	1.7777108047139163e-07
-5.08e-09	16.0	1.7445157585516142e-07
-5.07e-09	10.0	1.7843498139463763e-07
-5.0599999999999995e-09	8.0	1.7976278324112974e-07
-5.05e-09	7.0	1.8042668416437577e-07
-5.04e-09	14.0	1.757793777016536e-07
-5.029999999999999e-09	9.0	1.7909888231788369e-07
-5.02e-09	10.0	1.7843498139463763e-07
-5.01e-09	6.0	1.810905850876218e-07
-5e-09	24.0	1.6914036846919291e-07
-4.9899999999999995e-09	10.0	1.7843498139463763e-07
-4.98e-09	11.0	1.7777108047139163e-07
-4.97e-09	10.0	1.7843498139463763e-07
-4.9599999999999994e-09	15.0	1.751154767784074e-07
-4.95e-09	12.0	1.7710717954814574e-07
-4.94e-09	4.0	1.8241838693411377e-07
-4.929999999999999e-09	10.0	1.7843498139463763e-07
-4.9199999999999996e-09	6.0	1.810905850876218e-07
-4.91e-09	9.0	1.7909888231788369e-07
-4.9e-09	14.0	1.757793777016536e-07
-4.8899999999999995e-09	8.0	1.7976278324112974e-07
-4.88e-09	7.0	1.8042668416437577e-07
-4.87e-09	10.0	1.7843498139463763e-07
-4.859999999999999e-09	7.0	1.8042668416437577e-07
-4.85e-09	13.0	1.7644327862489963e-07
-4.84e-09	6.0	1.810905850876218e-07
-4.83e-09	11.0	1.7777108047139163e-07
-4.8199999999999995e-09	6.0	1.810905850876218e-07
-4.81e-09	14.0	1.757793777016536e-07
-4.8e-09	9.0	1.7909888231788369e-07
-4.789999999999999e-09	8.0	1.7976278324112974e-07
-4.78e-09	14.0	1.757793777016536e-07
-4.77e-09	6.0	1.810905850876218e-07
-4.76e-09	8.0	1.7976278324112974e-07
-4.7499999999999995e-09	10.0	1.7843498139463763e-07
-4.74e-09	9.0	1.7909888231788369e-07
-4.73e-09	5.0	1.817544860108678e-07
-4.7199999999999994e-09	9.0	1.7909888231788369e-07
-4.71e-09	7.0	1.8042668416437577e-07
-4.7e-09	5.0	1.817544860108678e-07
-4.689999999999999e-09	9.0	1.7909888231788369e-07
-4.6799999999999996e-09	7.0	1.8042668416437577e-07
-4.67e-09	8.0	1.7976278324112974e-07
-4.66e-09	10.0	1.7843498139463763e-07
-4.6499999999999995e-09	13.0	1.7644327862489963e-07
-4.64e-09	7.0	1.8042668416437577e-07
-4.63e-09	9.0	1.7909888231788369e-07
-4.619999999999999e-09	15.0	1.751154767784074e-07
-4.61e-09	8.0	1.7976278324112974e-07
-4.6e-09	4.0	1.8241838693411377e-07
-4.59e-09	8.0	1.7976278324112974e-07
-4.5799999999999995e-09	11.0	1.7777108047139163e-07
-4.57e-09	9.0	1.7909888231788369e-07
-4.56e-09	8.0	1.7976278324112974e-07
-4.549999999999999e-09	6.0	1.810905850876218e-07
-4.54e-09	10.0	1.7843498139463763e-07
-4.53e-09	8.0	1.7976278324112974e-07
-4.52e-09	6.0	1.810905850876218e-07
-4.5099999999999995e-09	8.0	1.7976278324112974e-07
-4.5e-09	10.0	1.7843498139463763e-07
-4.49e-09	8.0	1.7976278324112974e-07
-4.4799999999999994e-09	8.0	1.7976278324112974e-07
-4.47e-09	10.0	1.7843498139463763e-07
-4.46e-09	12.0	1.7710717954814574e-07
-4.45e-09	9.0	1.7909888231788369e-07
-4.4399999999999996e-09	14.0	1.757793777016536e-07
-4.43e-09	10.0	1.7843498139463763e-07
-4.42e-09	6.0	1.810905850876218e-07
-4.4099999999999995e-09	7.0	1.8042668416437577e-07
-4.4e-09	7.0	1.8042668416437577e-07
-4.39e-09	5.0	1.817544860108678e-07
-4.379999999999999e-09	11.0	1.7777108047139163e-07
-4.37e-09	9.0	1.7909888231788369e-07
-4.36e-09	8.0	1.7976278324112974e-07
-4.35e-09	10.0	1.7843498139463763e-07
-4.3399999999999995e-09	12.0	1.7710717954814574e-07
-4.33e-09	6.0	1.810905850876218e-07
-4.32e-09	7.0	1.8042668416437577e-07
-4.309999999999999e-09	14.0	1.757793777016536e-07
-4.3e-09	9.0	1.7909888231788369e-07
-4.29e-09	9.0	1.7909888231788369e-07
-4.28e-09	5.0	1.817544860108678e-07
-4.2699999999999995e-09	8.0	1.7976278324112974e-07
-4.26e-09	8.0	1.7976278324112974e-07
-4.25e-09	9.0	1.7909888231788369e-07
-4.2399999999999994e-09	8.0	1.7976278324112974e-07
-4.23e-09	7.0	1.8042668416437577e-07
-4.22e-09	7.0	1.8042668416437577e-07
-4.21e-09	7.0	1.8042668416437577e-07
-4.1999999999999996e-09	8.0	1.7976278324112974e-07
-4.19e-09	11.0	1.7777108047139163e-07
-4.18e-09	8.0	1.7976278324112974e-07
-4.1699999999999995e-09	7.0	1.8042668416437577e-07
-4.16e-09	9.0	1.7909888231788369e-07
-4.15e-09	9.0	1.7909888231788369e-07
-4.139999999999999e-09	6.0	1.810905850876218e-07
-4.13e-09	12.0	1.7710717954814574e-07
-4.12e-09	10.0	1.7843498139463763e-07
-4.11e-09	7.0	1.8042668416437577e-07
-4.0999999999999995e-09	9.0	1.7909888231788369e-07
-4.09e-09	12.0	1.7710717954814574e-07
-4.08e-09	8.0	1.7976278324112974e-07
-4.069999999999999e-09	7.0	1.8042668416437577e-07
-4.06e-09	14.0	1.757793777016536e-07
-4.05e-09	9.0	1.7909888231788369e-07
-4.04e-09	12.0	1.7710717954814574e-07
-4.0299999999999995e-09	8.0	1.7976278324112974e-07
-4.02e-09	8.0	1.7976278324112974e-07
-4.01e-09	11.0	1.7777108047139163e-07
-3.9999999999999994e-09	11.0	1.7777108047139163e-07
-3.99e-09	10.0	1.7843498139463763e-07
-3.98e-09	7.0	1.8042668416437577e-07
-3.97e-09	8.0	1.7976278324112974e-07
-3.9599999999999996e-09	8.0	1.7976278324112974e-07
-3.95e-09	12.0	1.7710717954814574e-07
-3.94e-09	10.0	1.7843498139463763e-07
-3.9299999999999995e-09	12.0	1.7710717954814574e-07
-3.92e-09	9.0	1.7909888231788369e-07
-3.91e-09	10.0	1.7843498139463763e-07
-3.899999999999999e-09	6.0	1.810905850876218e-07
-3.89e-09	5.0	1.817544860108678e-07
-3.88e-09	10.0	1.7843498139463763e-07
-3.87e-09	5.0	1.817544860108678e-07
-3.8599999999999995e-09	9.0	1.7909888231788369e-07
-3.85e-09	13.0	1.7644327862489963e-07
-3.84e-09	13.0	1.7644327862489963e-07
-3.829999999999999e-09	6.0	1.810905850876218e-07
-3.82e-09	10.0	1.7843498139463763e-07
-3.81e-09	8.0	1.7976278324112974e-07
-3.8e-09	11.0	1.7777108047139163e-07
-3.7899999999999995e-09	12.0	1.7710717954814574e-07
-3.78e-09	8.0	1.7976278324112974e-07
-3.77e-09	10.0	1.7843498139463763e-07
-3.7599999999999994e-09	3.0	1.8308228785735974e-07
-3.75e-09	11.0	1.7777108047139163e-07
-3.74e-09	12.0	1.7710717954814574e-07
-3.73e-09	4.0	1.8241838693411377e-07
-3.72e-09	8.0	1.7976278324112974e-07
-3.71e-09	4.0	1.8241838693411377e-07
-3.6999999999999996e-09	7.0	1.8042668416437577e-07
-3.69e-09	10.0	1.7843498139463763e-07
-3.6799999999999997e-09	12.0	1.7710717954814574e-07
-3.67e-09	7.0	1.8042668416437577e-07
-3.6599999999999998e-09	13.0	1.7644327862489963e-07
-3.6499999999999996e-09	6.0	1.810905850876218e-07
-3.64e-09	15.0	1.751154767784074e-07
-3.6299999999999997e-09	10.0	1.7843498139463763e-07
-3.62e-09	9.0	1.7909888231788369e-07
-3.6099999999999997e-09	12.0	1.7710717954814574e-07
-3.6e-09	8.0	1.7976278324112974e-07
-3.59e-09	11.0	1.7777108047139163e-07
-3.5799999999999996e-09	14.0	1.757793777016536e-07
-3.57e-09	5.0	1.817544860108678e-07
-3.5599999999999997e-09	5.0	1.817544860108678e-07
-3.55e-09	11.0	1.7777108047139163e-07
-3.5399999999999998e-09	11.0	1.7777108047139163e-07
-3.5299999999999996e-09	7.0	1.8042668416437577e-07
-3.52e-09	6.0	1.810905850876218e-07
-3.5099999999999997e-09	11.0	1.7777108047139163e-07
-3.5e-09	11.0	1.7777108047139163e-07
-3.4899999999999997e-09	11.0	1.7777108047139163e-07
-3.48e-09	16.0	1.7445157585516142e-07
-3.47e-09	5.0	1.817544860108678e-07
-3.4599999999999996e-09	8.0	1.7976278324112974e-07
-3.45e-09	7.0	1.8042668416437577e-07
-3.4399999999999997e-09	7.0	1.8042668416437577e-07
-3.43e-09	2.0	1.8374618878060593e-07
-3.4199999999999998e-09	6.0	1.810905850876218e-07
-3.4099999999999996e-09	11.0	1.7777108047139163e-07
-3.4e-09	6.0	1.810905850876218e-07
-3.3899999999999997e-09	13.0	1.7644327862489963e-07
-3.38e-09	10.0	1.7843498139463763e-07
-3.3699999999999997e-09	8.0	1.7976278324112974e-07
-3.36e-09	7.0	1.8042668416437577e-07
-3.35e-09	17.0	1.737876749319155e-07
-3.3399999999999996e-09	10.0	1.7843498139463763e-07
-3.33e-09	11.0	1.7777108047139163e-07
-3.3199999999999997e-09	9.0	1.7909888231788369e-07
-3.31e-09	4.0	1.8241838693411377e-07
-3.2999999999999998e-09	13.0	1.7644327862489963e-07
-3.2899999999999996e-09	6.0	1.810905850876218e-07
-3.28e-09	13.0	1.7644327862489963e-07
-3.2699999999999997e-09	9.0	1.7909888231788369e-07
-3.26e-09	11.0	1.7777108047139163e-07
-3.2499999999999997e-09	9.0	1.7909888231788369e-07
-3.24e-09	9.0	1.7909888231788369e-07
-3.23e-09	11.0	1.7777108047139163e-07
-3.2199999999999996e-09	8.0	1.7976278324112974e-07
-3.21e-09	10.0	1.7843498139463763e-07
-3.1999999999999997e-09	10.0	1.7843498139463763e-07
-3.19e-09	7.0	1.8042668416437577e-07
-3.1799999999999998e-09	9.0	1.7909888231788369e-07
-3.17e-09	8.0	1.7976278324112974e-07
-3.16e-09	12.0	1.7710717954814574e-07
-3.1499999999999997e-09	9.0	1.7909888231788369e-07
-3.14e-09	7.0	1.8042668416437577e-07
-3.1299999999999997e-09	13.0	1.7644327862489963e-07
-3.12e-09	9.0	1.7909888231788369e-07
-3.11e-09	14.0	1.757793777016536e-07
-3.0999999999999996e-09	12.0	1.7710717954814574e-07
-3.09e-09	6.0	1.810905850876218e-07
-3.0799999999999997e-09	13.0	1.7644327862489963e-07
-3.07e-09	4.0	1.8241838693411377e-07
-3.0599999999999998e-09	12.0	1.7710717954814574e-07
-3.05e-09	7.0	1.8042668416437577e-07
-3.04e-09	7.0	1.8042668416437577e-07
-3.0299999999999997e-09	14.0	1.757793777016536e-07
-3.02e-09	7.0	1.8042668416437577e-07
-3.0099999999999997e-09	9.0	1.7909888231788369e-07
-3e-09	10.0	1.7843498139463763e-07
-2.99e-09	6.0	1.810905850876218e-07
-2.9799999999999996e-09	5.0	1.817544860108678e-07
-2.97e-09	12.0	1.7710717954814574e-07
-2.9599999999999997e-09	10.0	1.7843498139463763e-07
-2.95e-09	12.0	1.7710717954814574e-07
-2.9399999999999998e-09	10.0	1.7843498139463763e-07
-2.93e-09	6.0	1.810905850876218e-07
-2.92e-09	7.0	1.8042668416437577e-07
-2.9099999999999997e-09	8.0	1.7976278324112974e-07
-2.9e-09	11.0	1.7777108047139163e-07
-2.8899999999999997e-09	16.0	1.7445157585516142e-07
-2.88e-09	9.0	1.7909888231788369e-07
-2.87e-09	8.0	1.7976278324112974e-07
-2.8599999999999996e-09	11.0	1.7777108047139163e-07
-2.85e-09	6.0	1.810905850876218e-07
-2.8399999999999997e-09	7.0	1.8042668416437577e-07
-2.83e-09	5.0	1.817544860108678e-07
-2.8199999999999998e-09	3.0	1.8308228785735974e-07
-2.81e-09	7.0	1.8042668416437577e-07
-2.8e-09	13.0	1.7644327862489963e-07
-2.7899999999999997e-09	10.0	1.7843498139463763e-07
-2.78e-09	7.0	1.8042668416437577e-07
-2.7699999999999997e-09	15.0	1.751154767784074e-07
-2.76e-09	10.0	1.7843498139463763e-07
-2.75e-09	7.0	1.8042668416437577e-07
-2.7399999999999996e-09	9.0	1.7909888231788369e-07
-2.73e-09	11.0	1.7777108047139163e-07
-2.7199999999999997e-09	5.0	1.817544860108678e-07
-2.71e-09	9.0	1.7909888231788369e-07
-2.6999999999999998e-09	18.0	1.731237740086695e-07
-2.69e-09	8.0	1.7976278324112974e-07
-2.68e-09	10.0	1.7843498139463763e-07
-2.6699999999999997e-09	8.0	1.7976278324112974e-07
-2.66e-09	2.0	1.8374618878060593e-07
-2.6499999999999997e-09	12.0	1.7710717954814574e-07
-2.64e-09	10.0	1.7843498139463763e-07
-2.63e-09	9.0	1.7909888231788369e-07
-2.6199999999999996e-09	10.0	1.7843498139463763e-07
-2.61e-09	17.0	1.737876749319155e-07
-2.5999999999999997e-09	13.0	1.7644327862489963e-07
-2.59e-09	11.0	1.7777108047139163e-07
-2.5799999999999998e-09	15.0	1.751154767784074e-07
-2.57e-09	13.0	1.7644327862489963e-07
-2.56e-09	12.0	1.7710717954814574e-07
-2.5499999999999997e-09	8.0	1.7976278324112974e-07
-2.54e-09	12.0	1.7710717954814574e-07
-2.5299999999999997e-09	8.0	1.7976278324112974e-07
-2.52e-09	8.0	1.7976278324112974e-07
-2.51e-09	7.0	1.8042668416437577e-07
-2.5e-09	15.0	1.751154767784074e-07
-2.49e-09	10.0	1.7843498139463763e-07
-2.4799999999999997e-09	8.0	1.7976278324112974e-07
-2.47e-09	7.0	1.8042668416437577e-07
-2.4599999999999998e-09	9.0	1.7909888231788369e-07
-2.45e-09	11.0	1.7777108047139163e-07
-2.44e-09	10.0	1.7843498139463763e-07
-2.4299999999999997e-09	11.0	1.7777108047139163e-07
-2.42e-09	10.0	1.7843498139463763e-07
-2.4099999999999997e-09	13.0	1.7644327862489963e-07
-2.4e-09	10.0	1.7843498139463763e-07
-2.39e-09	7.0	1.8042668416437577e-07
-2.38e-09	12.0	1.7710717954814574e-07
-2.37e-09	11.0	1.7777108047139163e-07
-2.3599999999999997e-09	7.0	1.8042668416437577e-07
-2.35e-09	11.0	1.7777108047139163e-07
-2.3399999999999998e-09	11.0	1.7777108047139163e-07
-2.33e-09	12.0	1.7710717954814574e-07
-2.32e-09	6.0	1.810905850876218e-07
-2.3099999999999997e-09	13.0	1.7644327862489963e-07
-2.3e-09	15.0	1.751154767784074e-07
-2.2899999999999997e-09	9.0	1.7909888231788369e-07
-2.28e-09	13.0	1.7644327862489963e-07
-2.27e-09	15.0	1.751154767784074e-07
-2.26e-09	14.0	1.757793777016536e-07
-2.25e-09	13.0	1.7644327862489963e-07
-2.2399999999999997e-09	9.0	1.7909888231788369e-07
-2.23e-09	15.0	1.751154767784074e-07
-2.2199999999999998e-09	10.0	1.7843498139463763e-07
-2.21e-09	17.0	1.737876749319155e-07
-2.2e-09	7.0	1.8042668416437577e-07
-2.1899999999999997e-09	10.0	1.7843498139463763e-07
-2.18e-09	5.0	1.817544860108678e-07
-2.1699999999999997e-09	14.0	1.757793777016536e-07
-2.16e-09	17.0	1.737876749319155e-07
-2.15e-09	14.0	1.757793777016536e-07
-2.14e-09	15.0	1.751154767784074e-07
-2.13e-09	17.0	1.737876749319155e-07
-2.1199999999999997e-09	9.0	1.7909888231788369e-07
-2.11e-09	13.0	1.7644327862489963e-07
-2.0999999999999998e-09	5.0	1.817544860108678e-07
-2.09e-09	9.0	1.7909888231788369e-07
-2.08e-09	12.0	1.7710717954814574e-07
-2.0699999999999997e-09	11.0	1.7777108047139163e-07
-2.06e-09	10.0	1.7843498139463763e-07
-2.0499999999999997e-09	15.0	1.751154767784074e-07
-2.04e-09	13.0	1.7644327862489963e-07
-2.03e-09	17.0	1.737876749319155e-07
-2.02e-09	8.0	1.7976278324112974e-07
-2.01e-09	16.0	1.7445157585516142e-07
-1.9999999999999997e-09	17.0	1.737876749319155e-07
-1.99e-09	14.0	1.757793777016536e-07
-1.9799999999999998e-09	15.0	1.751154767784074e-07
-1.97e-09	10.0	1.7843498139463763e-07
-1.96e-09	16.0	1.7445157585516142e-07
-1.9499999999999997e-09	14.0	1.757793777016536e-07
-1.94e-09	16.0	1.7445157585516142e-07
-1.9299999999999997e-09	13.0	1.7644327862489963e-07
-1.92e-09	9.0	1.7909888231788369e-07
-1.91e-09	16.0	1.7445157585516142e-07
-1.9e-09	16.0	1.7445157585516142e-07
-1.89e-09	14.0	1.757793777016536e-07
-1.8799999999999997e-09	13.0	1.7644327862489963e-07
-1.87e-09	19.0	1.724598730854234e-07
-1.86e-09	21.0	1.7113207123893126e-07
-1.8499999999999998e-09	22.0	1.7046817031568526e-07
-1.8399999999999998e-09	20.0	1.717959721621774e-07
-1.8299999999999999e-09	19.0	1.724598730854234e-07
-1.82e-09	16.0	1.7445157585516142e-07
-1.81e-09	19.0	1.724598730854234e-07
-1.8e-09	24.0	1.6914036846919291e-07
-1.7899999999999998e-09	19.0	1.724598730854234e-07
-1.7799999999999999e-09	23.0	1.698042693924393e-07
-1.7699999999999999e-09	22.0	1.7046817031568526e-07
-1.76e-09	18.0	1.731237740086695e-07
-1.75e-09	27.0	1.6714866569945512e-07
-1.74e-09	22.0	1.7046817031568526e-07
-1.7299999999999998e-09	30.0	1.6515696292971733e-07
-1.7199999999999999e-09	21.0	1.7113207123893126e-07
-1.7099999999999999e-09	20.0	1.717959721621774e-07
-1.7e-09	31.0	1.6449306200647086e-07
-1.69e-09	18.0	1.731237740086695e-07
-1.68e-09	36.0	1.611735573902416e-07
-1.6699999999999998e-09	25.0	1.6847646754594697e-07
-1.6599999999999999e-09	28.0	1.6648476477620912e-07
-1.6499999999999999e-09	12.0	1.7710717954814574e-07
-1.64e-09	25.0	1.6847646754594697e-07
-1.63e-09	32.0	1.6382916108322552e-07
-1.62e-09	17.0	1.737876749319155e-07
-1.6099999999999998e-09	41.0	1.5785405277401077e-07
-1.5999999999999999e-09	31.0	1.6449306200647086e-07
-1.5899999999999999e-09	28.0	1.6648476477620912e-07
-1.58e-09	29.0	1.6582086385296355e-07
-1.57e-09	46.0	1.5453454815778183e-07
-1.56e-09	32.0	1.6382916108322552e-07
-1.5499999999999998e-09	44.0	1.5586235000427362e-07
-1.5399999999999999e-09	36.0	1.611735573902416e-07
-1.5299999999999999e-09	31.0	1.6449306200647086e-07
-1.52e-09	49.0	1.525428453880429e-07
-1.51e-09	44.0	1.5586235000427362e-07
-1.5e-09	42.0	1.5719015185076533e-07
-1.4899999999999998e-09	37.0	1.6050965646699464e-07
-1.4799999999999999e-09	46.0	1.5453454815778183e-07
-1.4699999999999999e-09	43.0	1.5652625092751809e-07
-1.46e-09	53.0	1.4988724169505978e-07
-1.45e-09	55.0	1.4855943984856698e-07
-1.44e-09	52.0	1.5055114261830554e-07
-1.4299999999999998e-09	53.0	1.4988724169505978e-07
-1.4199999999999999e-09	54.0	1.492233407718122e-07
-1.4099999999999999e-09	53.0	1.4988724169505978e-07
-1.4e-09	59.0	1.4590383615558338e-07
-1.39e-09	46.0	1.5453454815778183e-07
-1.38e-09	56.0	1.478955389253193e-07
-1.3699999999999998e-09	75.0	1.3528142138364846e-07
-1.3599999999999999e-09	61.0	1.4457603430908974e-07
-1.3499999999999999e-09	70.0	1.3860092599987825e-07
-1.34e-09	73.0	1.366092232301377e-07
-1.33e-09	57.0	1.472316380020738e-07
-1.32e-09	65.0	1.4192043061610584e-07
-1.3099999999999998e-09	74.0	1.359453223068948e-07
-1.2999999999999999e-09	80.0	1.3196191676741684e-07
-1.2899999999999999e-09	85.0	1.286424121511851e-07
-1.28e-09	83.0	1.299702139976799e-07
-1.27e-09	84.0	1.2930631307443326e-07
-1.26e-09	85.0	1.286424121511851e-07
-1.25e-09	87.0	1.2731461030469587e-07
-1.2399999999999999e-09	74.0	1.359453223068948e-07
-1.2299999999999999e-09	104.0	1.1602829460951153e-07
-1.22e-09	98.0	1.200117001489889e-07
-1.21e-09	113.0	1.1005318630029658e-07
-1.2e-09	104.0	1.1602829460951153e-07
-1.19e-09	84.0	1.2930631307443326e-07
-1.1799999999999999e-09	101.0	1.1801999737925051e-07
-1.1699999999999999e-09	99.0	1.1934779922574574e-07
-1.16e-09	113.0	1.1005318630029658e-07
-1.15e-09	105.0	1.1536439368626434e-07
-1.14e-09	129.0	9.943077152836047e-08
-1.13e-09	142.0	9.080005952616712e-08
-1.1199999999999999e-09	137.0	9.411956414239324e-08
-1.1099999999999999e-09	138.0	9.345566321914567e-08
-1.1e-09	157.0	8.084154567747854e-08
-1.09e-09	124.0	1.0275027614459673e-07
-1.08e-09	140.0	9.212786137265965e-08
-1.07e-09	141.0	9.14639604494147e-08
-1.0599999999999999e-09	167.0	7.420253644501759e-08
-1.0499999999999999e-09	171.0	7.154693275203094e-08
-1.04e-09	174.0	6.955522998230022e-08
-1.03e-09	192.0	5.760501336387198e-08
-1.02e-09	174.0	6.955522998230022e-08
-1.01e-09	203.0	5.030210320816737e-08
-9.999999999999999e-10	188.0	6.026061705685174e-08
-9.899999999999999e-10	202.0	5.096600413141506e-08
-9.8e-10	187.0	6.092451798009962e-08
-9.7e-10	221.0	3.835188658974586e-08
-9.6e-10	240.0	2.5737769048087885e-08
-9.5e-10	214.0	4.299919305246354e-08
-9.399999999999999e-10	247.0	2.1090462585369052e-08
-9.3e-10	220.0	3.901578751299345e-08
-9.199999999999999e-10	272.0	4.49293950441787e-09
-9.1e-10	274.0	3.1651376580223245e-09
-9e-10	237.0	2.7729471817822e-08
-8.899999999999999e-10	305.0	1.741579096300902e-08
-8.8e-10	268.0	7.1485431973134894e-09
-8.7e-10	305.0	1.741579096300902e-08
-8.599999999999999e-10	309.0	2.00713946559885e-08
-8.5e-10	306.0	1.807969188624967e-08
-8.4e-10	337.0	3.866062050684403e-08
-8.299999999999999e-10	346.0	4.463572881606918e-08
-8.2e-10	346.0	4.463572881606918e-08
-8.1e-10	369.0	5.990545005070425e-08
-7.999999999999999e-10	375.0	6.388885559018761e-08
-7.9e-10	410.0	8.712538790379877e-08
-7.8e-10	448.0	1.1235362298715272e-07
-7.699999999999999e-10	415.0	9.044489252003586e-08
-7.6e-10	448.0	1.1235362298715272e-07
-7.5e-10	447.0	1.1168972206390807e-07
-7.399999999999999e-10	489.0	1.395735608402385e-07
-7.3e-10	488.0	1.3890965991699345e-07
-7.2e-10	493.0	1.4222916453323242e-07
-7.099999999999999e-10	516.0	1.5749888576788397e-07
-7e-10	530.0	1.6679349869330524e-07
-6.9e-10	603.0	2.152582660902624e-07
-6.799999999999999e-10	593.0	2.0861925685783894e-07
-6.7e-10	644.0	2.424782039433608e-07
-6.6e-10	618.0	2.252167799389843e-07
-6.499999999999999e-10	652.0	2.477894113293341e-07
-6.4e-10	666.0	2.570840242547631e-07
-6.3e-10	600.0	2.132665633205286e-07
-6.199999999999999e-10	705.0	2.829761602613738e-07
-6.1e-10	769.0	3.254658193491197e-07
-6e-10	761.0	3.2015461196314196e-07
-5.899999999999999e-10	817.0	3.573330636649425e-07
-5.8e-10	837.0	3.706110821298591e-07
-5.7e-10	870.0	3.9251981259695095e-07
-5.599999999999999e-10	841.0	3.732666858228519e-07
-5.5e-10	929.0	4.316899670684558e-07
-5.4e-10	990.0	4.7218792338647755e-07
-5.299999999999999e-10	998.0	4.774991307724353e-07
-5.2e-10	1028.0	4.974161584698481e-07
-5.1e-10	1064.0	5.213165917066725e-07
-4.999999999999999e-10	1140.0	5.717730618733857e-07
-4.9e-10	1129.0	5.644701517176597e-07
-4.8e-10	1190.0	6.049681080356762e-07
-4.699999999999999e-10	1298.0	6.766694077462823e-07
-4.5999999999999996e-10	1267.0	6.560884791256217e-07
-4.5e-10	1373.0	7.264619769897425e-07
-4.4e-10	1452.0	7.789101499261227e-07
-4.2999999999999996e-10	1424.0	7.603209240752699e-07
-4.2e-10	1557.0	8.4861974686702e-07
-4.1e-10	1648.0	9.09034730882381e-07
-3.9999999999999996e-10	1613.0	8.85798198568728e-07
-3.9e-10	1622.0	8.917733068780087e-07
-3.8e-10	1799.0	1.009283770292503e-06
-3.6999999999999996e-10	1847.0	1.041151014608349e-06
-3.6e-10	2027.0	1.1606531807925873e-06
-3.5e-10	2035.0	1.1659643881785625e-06
-3.3999999999999996e-10	2100.0	1.2091179481895464e-06
-3.3e-10	2226.0	1.2927694645185344e-06
-3.2e-10	2227.0	1.2934333654418704e-06
-3.0999999999999996e-10	2335.0	1.3651346651523786e-06
-3e-10	2397.0	1.4062965223937156e-06
-2.9e-10	2537.0	1.499242651648179e-06
-2.7999999999999996e-10	2664.0	1.58355806890031e-06
-2.7e-10	2780.0	1.6605705759968624e-06
-2.6e-10	2899.0	1.7395747858632042e-06
-2.4999999999999996e-10	2939.0	1.7661308227930978e-06
-2.4e-10	3064.0	1.8491184381987973e-06
-2.2999999999999998e-10	3247.0	1.9706123071527998e-06
-2.2e-10	3505.0	2.1418987453501835e-06
-2.1e-10	3762.0	2.3125212826243834e-06
-1.9999999999999998e-10	3888.0	2.3961727989533545e-06
-1.9e-10	4133.0	2.5588285251488508e-06
-1.8e-10	4160.0	2.576753850076268e-06
-1.6999999999999998e-10	4327.0	2.6876253042586002e-06
-1.6e-10	4416.0	2.7467124864272054e-06
-1.5e-10	4859.0	3.040820595425496e-06
-1.3999999999999998e-10	4923.0	3.0833102545130033e-06
-1.3e-10	5345.0	3.36347644412292e-06
-1.2e-10	5396.0	3.397335391208568e-06
-1.1e-10	6022.0	3.812937369160483e-06
-9.999999999999999e-11	6537.0	4.15484634463208e-06
-9e-11	7108.0	4.533933771805676e-06
-8e-11	7734.0	4.949535749757836e-06
-6.999999999999999e-11	8490.0	5.4514448477317075e-06
-6e-11	9706.0	6.258748370398963e-06
-4.9999999999999995e-11	11080.0	7.170948238938947e-06
-4e-11	13923.0	9.058418563727168e-06
-3e-11	19068.0	1.2474188813827708e-05
-2e-11	27477.0	1.8056931677401343e-05
-1e-11	37047.0	2.4410463512865678e-05
0.0	41295.0	2.7230714634814207e-05
1e-11	35411.0	2.3324321602433583e-05
2e-11	23871.0	1.5662904948176785e-05
3e-11	15211.0	9.91352295286733e-06
4e-11	10657.0	6.890118148405834e-06
4.9999999999999995e-11	8721.0	5.604805961001258e-06
6e-11	7585.0	4.8506145121937595e-06
6.999999999999999e-11	7108.0	4.533933771805676e-06
8e-11	6618.0	4.208622319414967e-06
9e-11	6051.0	3.832190495934673e-06
9.999999999999999e-11	5597.0	3.530779476780904e-06
1.1e-10	5311.0	3.340903812732561e-06
1.2e-10	5206.0	3.271194215791754e-06
1.3e-10	4775.0	2.9850529178727592e-06
1.3999999999999998e-10	4568.0	2.8476254267608175e-06
1.5e-10	4421.0	2.750031991043657e-06
1.6e-10	4179.0	2.5893679676180106e-06
1.6999999999999998e-10	3994.0	2.466546296817662e-06
1.8e-10	3734.0	2.2939320567736934e-06
1.9e-10	3624.0	2.220902955216429e-06
1.9999999999999998e-10	3479.0	2.1246373213459784e-06
2.1e-10	3334.0	2.028371687475151e-06
2.2e-10	3254.0	1.9752596136154663e-06
2.2999999999999998e-10	3064.0	1.8491184381987973e-06
2.4e-10	2797.0	1.6718568916921376e-06
2.4999999999999996e-10	2751.0	1.64131744922272e-06
2.6e-10	2685.0	1.5974999882884246e-06
2.7e-10	2568.0	1.519823580268754e-06
2.7999999999999996e-10	2341.0	1.3691180706918682e-06
2.9e-10	2353.0	1.377084881770853e-06
3e-10	2225.0	1.2921055635953732e-06
3.0999999999999996e-10	2115.0	1.2190764620383004e-06
3.2e-10	1973.0	1.1248025309373943e-06
3.3e-10	1888.0	1.0683709524614516e-06
3.3999999999999996e-10	1836.0	1.0338481044526154e-06
3.5e-10	1746.0	9.740970213604962e-07
3.6e-10	1667.0	9.21648848424032e-07
3.6999999999999996e-10	1674.0	9.262961548868207e-07
3.8e-10	1541.0	8.379973320950469e-07
3.9e-10	1484.0	8.00154979470048e-07
3.9999999999999996e-10	1473.0	7.928520693143478e-07
4.1e-10	1386.0	7.350926889919066e-07
4.2e-10	1306.0	6.819806151322644e-07
4.2999999999999996e-10	1324.0	6.939308317506425e-07
4.4e-10	1254.0	6.474577671234204e-07
4.5e-10	1239.0	6.37499253274787e-07
4.5999999999999996e-10	1163.0	5.870427831080719e-07
4.699999999999999e-10	1140.0	5.717730618733857e-07
4.8e-10	1051.0	5.126858797044759e-07
4.9e-10	1058.0	5.173331861672083e-07
4.999999999999999e-10	1019.0	4.914410501606398e-07
5.1e-10	939.0	4.383289763009328e-07
5.2e-10	947.0	4.4364018368692005e-07
5.299999999999999e-10	916.0	4.230592550662655e-07
5.4e-10	851.0	3.799056950552822e-07
5.5e-10	800.0	3.460467479697292e-07
5.599999999999999e-10	833.0	3.679554784368731e-07
5.7e-10	734.0	3.022292870354943e-07
5.8e-10	728.0	2.982458814960057e-07
5.899999999999999e-10	712.0	2.8762346672408543e-07
6e-10	726.0	2.9691807964954876e-07
6.1e-10	653.0	2.484533122525827e-07
6.199999999999999e-10	631.0	2.338474919411517e-07
6.3e-10	623.0	2.2853628455521255e-07
6.4e-10	584.0	2.0264414854861726e-07
6.499999999999999e-10	569.0	1.9268563469989637e-07
6.6e-10	546.0	1.7741591346526012e-07
6.7e-10	538.0	1.721047060792755e-07
6.799999999999999e-10	556.0	1.840549226977256e-07
6.9e-10	506.0	1.508598765354036e-07
7e-10	492.0	1.4156526360998362e-07
7.099999999999999e-10	453.0	1.1567312760337835e-07
7.2e-10	438.0	1.0571461375467686e-07
7.3e-10	431.0	1.0106730729195625e-07
7.399999999999999e-10	406.0	8.44697842108057e-08
7.5e-10	397.0	7.849467590159921e-08
7.6e-10	411.0	8.778928882704713e-08
7.699999999999999e-10	363.0	5.5922044511240913e-08
7.8e-10	374.0	6.322495466694027e-08
7.9e-10	320.0	2.7374304811673813e-08
7.999999999999999e-10	345.0	4.39718278928211e-08
8.1e-10	296.0	1.1440682653838125e-08
8.2e-10	319.0	2.671040388842737e-08
8.299999999999999e-10	337.0	3.866062050684403e-08
8.4e-10	261.0	1.179584965996331e-08
8.5e-10	295.0	1.0776781730595643e-08
8.599999999999999e-10	285.0	4.137772498283134e-09
8.7e-10	226.0	3.503238197351687e-08
8.8e-10	231.0	3.1712877357287865e-08
8.899999999999999e-10	243.0	2.3746066278347733e-08
9e-10	237.0	2.7729471817822e-08
9.1e-10	230.0	3.237677828052775e-08
9.199999999999999e-10	207.0	4.7646499515186845e-08
9.3e-10	224.0	3.6360183820012594e-08
9.399999999999999e-10	197.0	5.4285508747643156e-08
9.5e-10	221.0	3.835188658974586e-08
9.6e-10	197.0	5.4285508747643156e-08
9.7e-10	182.0	6.424402259632838e-08
9.8e-10	169.0	7.287473459852414e-08
9.899999999999999e-10	171.0	7.154693275203094e-08
9.999999999999999e-10	164.0	7.619423921475902e-08
1.01e-09	178.0	6.689962628930787e-08
1.02e-09	146.0	8.814445583317829e-08
1.03e-09	172.0	7.088303182879366e-08
1.04e-09	139.0	9.279176229590738e-08
1.0499999999999999e-09	166.0	7.486643736826548e-08
1.0599999999999999e-09	129.0	9.943077152836047e-08
1.07e-09	157.0	8.084154567747854e-08
1.08e-09	107.0	1.140365918397744e-07
1.09e-09	117.0	1.0739758260731624e-07
1.1e-09	118.0	1.0673368168406789e-07
1.1099999999999999e-09	139.0	9.279176229590738e-08
1.1199999999999999e-09	112.0	1.1071708722354392e-07
1.13e-09	125.0	1.0208637522134931e-07
1.14e-09	128.0	1.0009467245160513e-07
1.15e-09	107.0	1.140365918397744e-07
1.16e-09	101.0	1.1801999737925051e-07
1.1699999999999999e-09	114.0	1.0938928537705506e-07
1.1799999999999999e-09	72.0	1.372731241533841e-07
1.19e-09	83.0	1.299702139976799e-07
1.2e-09	85.0	1.286424121511851e-07
1.21e-09	104.0	1.1602829460951153e-07
1.22e-09	93.0	1.233312047652176e-07
1.2299999999999999e-09	70.0	1.3860092599987825e-07
1.2399999999999999e-09	63.0	1.4324823246259964e-07
1.25e-09	93.0	1.233312047652176e-07
1.26e-09	72.0	1.372731241533841e-07
1.27e-09	66.0	1.4125652969286156e-07
1.28e-09	69.0	1.3926482692312155e-07
1.2899999999999999e-09	64.0	1.4258433153935176e-07
1.2999999999999999e-09	55.0	1.4855943984856698e-07
1.3099999999999998e-09	67.0	1.4059262876961559e-07
1.32e-09	55.0	1.4855943984856698e-07
1.33e-09	71.0	1.3793702507663206e-07
1.34e-09	45.0	1.5519844908102622e-07
1.3499999999999999e-09	51.0	1.5121504354155059e-07
1.3599999999999999e-09	56.0	1.478955389253193e-07
1.3699999999999998e-09	52.0	1.5055114261830554e-07
1.38e-09	49.0	1.525428453880429e-07
1.39e-09	41.0	1.5785405277401077e-07
1.4e-09	55.0	1.4855943984856698e-07
1.4099999999999999e-09	42.0	1.5719015185076533e-07
1.4199999999999999e-09	44.0	1.5586235000427362e-07
1.4299999999999998e-09	43.0	1.5652625092751809e-07
1.44e-09	43.0	1.5652625092751809e-07
1.45e-09	42.0	1.5719015185076533e-07
1.46e-09	47.0	1.5387064723453438e-07
1.4699999999999999e-09	41.0	1.5785405277401077e-07
1.4799999999999999e-09	39.0	1.5918185462050267e-07
1.4899999999999998e-09	43.0	1.5652625092751809e-07
1.5e-09	33.0	1.6316526015997878e-07
1.51e-09	35.0	1.6183745831348683e-07
1.52e-09	26.0	1.6781256662270107e-07
1.5299999999999999e-09	34.0	1.625013592367336e-07
1.5399999999999999e-09	37.0	1.6050965646699464e-07
1.5499999999999998e-09	26.0	1.6781256662270107e-07
1.56e-09	30.0	1.6515696292971733e-07
1.57e-09	30.0	1.6515696292971733e-07
1.58e-09	22.0	1.7046817031568526e-07
1.5899999999999999e-09	28.0	1.6648476477620912e-07
1.5999999999999999e-09	16.0	1.7445157585516142e-07
1.6099999999999998e-09	27.0	1.6714866569945512e-07
1.62e-09	18.0	1.731237740086695e-07
1.63e-09	25.0	1.6847646754594697e-07
1.64e-09	22.0	1.7046817031568526e-07
1.6499999999999999e-09	26.0	1.6781256662270107e-07
1.6599999999999999e-09	26.0	1.6781256662270107e-07
1.6699999999999998e-09	21.0	1.7113207123893126e-07
1.68e-09	24.0	1.6914036846919291e-07
1.69e-09	28.0	1.6648476477620912e-07
1.7e-09	24.0	1.6914036846919291e-07
1.7099999999999999e-09	22.0	1.7046817031568526e-07
1.7199999999999999e-09	18.0	1.731237740086695e-07
1.7299999999999998e-09	23.0	1.698042693924393e-07
1.74e-09	20.0	1.717959721621774e-07
1.75e-09	21.0	1.7113207123893126e-07
1.76e-09	19.0	1.724598730854234e-07
1.7699999999999999e-09	21.0	1.7113207123893126e-07
1.7799999999999999e-09	15.0	1.751154767784074e-07
1.7899999999999998e-09	20.0	1.717959721621774e-07
1.8e-09	14.0	1.757793777016536e-07
1.81e-09	12.0	1.7710717954814574e-07
1.82e-09	17.0	1.737876749319155e-07
1.8299999999999999e-09	19.0	1.724598730854234e-07
1.8399999999999998e-09	24.0	1.6914036846919291e-07
1.8499999999999998e-09	18.0	1.731237740086695e-07
1.86e-09	21.0	1.7113207123893126e-07
1.87e-09	17.0	1.737876749319155e-07
1.8799999999999997e-09	12.0	1.7710717954814574e-07
1.89e-09	18.0	1.731237740086695e-07
1.9e-09	14.0	1.757793777016536e-07
1.91e-09	18.0	1.731237740086695e-07
1.92e-09	14.0	1.757793777016536e-07
1.9299999999999997e-09	11.0	1.7777108047139163e-07
1.94e-09	13.0	1.7644327862489963e-07
1.9499999999999997e-09	18.0	1.731237740086695e-07
1.96e-09	12.0	1.7710717954814574e-07
1.97e-09	22.0	1.7046817031568526e-07
1.9799999999999998e-09	16.0	1.7445157585516142e-07
1.99e-09	16.0	1.7445157585516142e-07
1.9999999999999997e-09	8.0	1.7976278324112974e-07
2.01e-09	11.0	1.7777108047139163e-07
2.02e-09	10.0	1.7843498139463763e-07
2.03e-09	15.0	1.751154767784074e-07
2.04e-09	11.0	1.7777108047139163e-07
2.0499999999999997e-09	19.0	1.724598730854234e-07
2.06e-09	7.0	1.8042668416437577e-07
2.0699999999999997e-09	14.0	1.757793777016536e-07
2.08e-09	8.0	1.7976278324112974e-07
2.09e-09	6.0	1.810905850876218e-07
2.0999999999999998e-09	12.0	1.7710717954814574e-07
2.11e-09	13.0	1.7644327862489963e-07
2.1199999999999997e-09	14.0	1.757793777016536e-07
2.13e-09	9.0	1.7909888231788369e-07
2.14e-09	15.0	1.751154767784074e-07
2.15e-09	19.0	1.724598730854234e-07
2.16e-09	13.0	1.7644327862489963e-07
2.1699999999999997e-09	16.0	1.7445157585516142e-07
2.18e-09	14.0	1.757793777016536e-07
2.1899999999999997e-09	9.0	1.7909888231788369e-07
2.2e-09	11.0	1.7777108047139163e-07
2.21e-09	10.0	1.7843498139463763e-07
2.2199999999999998e-09	9.0	1.7909888231788369e-07
2.23e-09	10.0	1.7843498139463763e-07
2.2399999999999997e-09	11.0	1.7777108047139163e-07
2.25e-09	11.0	1.7777108047139163e-07
2.26e-09	19.0	1.724598730854234e-07
2.27e-09	10.0	1.7843498139463763e-07
2.28e-09	8.0	1.7976278324112974e-07
2.2899999999999997e-09	11.0	1.7777108047139163e-07
2.3e-09	9.0	1.7909888231788369e-07
2.3099999999999997e-09	10.0	1.7843498139463763e-07
2.32e-09	13.0	1.7644327862489963e-07
2.33e-09	11.0	1.7777108047139163e-07
2.3399999999999998e-09	14.0	1.757793777016536e-07
2.35e-09	11.0	1.7777108047139163e-07
2.3599999999999997e-09	12.0	1.7710717954814574e-07
2.37e-09	12.0	1.7710717954814574e-07
2.38e-09	10.0	1.7843498139463763e-07
2.39e-09	10.0	1.7843498139463763e-07
2.4e-09	9.0	1.7909888231788369e-07
2.4099999999999997e-09	11.0	1.7777108047139163e-07
2.42e-09	7.0	1.8042668416437577e-07
2.4299999999999997e-09	10.0	1.7843498139463763e-07
2.44e-09	16.0	1.7445157585516142e-07
2.45e-09	5.0	1.817544860108678e-07
2.4599999999999998e-09	7.0	1.8042668416437577e-07
2.47e-09	16.0	1.7445157585516142e-07
2.4799999999999997e-09	13.0	1.7644327862489963e-07
2.49e-09	7.0	1.8042668416437577e-07
2.5e-09	5.0	1.817544860108678e-07
2.51e-09	4.0	1.8241838693411377e-07
2.52e-09	7.0	1.8042668416437577e-07
2.5299999999999997e-09	10.0	1.7843498139463763e-07
2.54e-09	9.0	1.7909888231788369e-07
2.5499999999999997e-09	14.0	1.757793777016536e-07
2.56e-09	13.0	1.7644327862489963e-07
2.57e-09	8.0	1.7976278324112974e-07
2.5799999999999998e-09	8.0	1.7976278324112974e-07
2.59e-09	11.0	1.7777108047139163e-07
2.5999999999999997e-09	6.0	1.810905850876218e-07
2.61e-09	9.0	1.7909888231788369e-07
2.6199999999999996e-09	4.0	1.8241838693411377e-07
2.63e-09	10.0	1.7843498139463763e-07
2.64e-09	7.0	1.8042668416437577e-07
2.6499999999999997e-09	11.0	1.7777108047139163e-07
2.66e-09	4.0	1.8241838693411377e-07
2.6699999999999997e-09	7.0	1.8042668416437577e-07
2.68e-09	7.0	1.8042668416437577e-07
2.69e-09	8.0	1.7976278324112974e-07
2.6999999999999998e-09	12.0	1.7710717954814574e-07
2.71e-09	12.0	1.7710717954814574e-07
2.7199999999999997e-09	10.0	1.7843498139463763e-07
2.73e-09	7.0	1.8042668416437577e-07
2.7399999999999996e-09	13.0	1.7644327862489963e-07
2.75e-09	8.0	1.7976278324112974e-07
2.76e-09	9.0	1.7909888231788369e-07
2.7699999999999997e-09	8.0	1.7976278324112974e-07
2.78e-09	10.0	1.7843498139463763e-07
2.7899999999999997e-09	8.0	1.7976278324112974e-07
2.8e-09	10.0	1.7843498139463763e-07
2.81e-09	11.0	1.7777108047139163e-07
2.8199999999999998e-09	8.0	1.7976278324112974e-07
2.83e-09	5.0	1.817544860108678e-07
2.8399999999999997e-09	13.0	1.7644327862489963e-07
2.85e-09	6.0	1.810905850876218e-07
2.8599999999999996e-09	10.0	1.7843498139463763e-07
2.87e-09	8.0	1.7976278324112974e-07
2.88e-09	7.0	1.8042668416437577e-07
2.8899999999999997e-09	7.0	1.8042668416437577e-07
2.9e-09	8.0	1.7976278324112974e-07
2.9099999999999997e-09	10.0	1.7843498139463763e-07
2.92e-09	7.0	1.8042668416437577e-07
2.93e-09	8.0	1.7976278324112974e-07
2.9399999999999998e-09	9.0	1.7909888231788369e-07
2.95e-09	9.0	1.7909888231788369e-07
2.9599999999999997e-09	9.0	1.7909888231788369e-07
2.97e-09	10.0	1.7843498139463763e-07
2.9799999999999996e-09	11.0	1.7777108047139163e-07
2.99e-09	8.0	1.7976278324112974e-07
3e-09	7.0	1.8042668416437577e-07
3.0099999999999997e-09	7.0	1.8042668416437577e-07
3.02e-09	9.0	1.7909888231788369e-07
3.0299999999999997e-09	7.0	1.8042668416437577e-07
3.04e-09	10.0	1.7843498139463763e-07
3.05e-09	8.0	1.7976278324112974e-07
3.0599999999999998e-09	8.0	1.7976278324112974e-07
3.07e-09	11.0	1.7777108047139163e-07
3.0799999999999997e-09	10.0	1.7843498139463763e-07
3.09e-09	7.0	1.8042668416437577e-07
3.0999999999999996e-09	9.0	1.7909888231788369e-07
3.11e-09	4.0	1.8241838693411377e-07
3.12e-09	6.0	1.810905850876218e-07
3.1299999999999997e-09	14.0	1.757793777016536e-07
3.14e-09	9.0	1.7909888231788369e-07
3.1499999999999997e-09	7.0	1.8042668416437577e-07
3.16e-09	5.0	1.817544860108678e-07
3.17e-09	7.0	1.8042668416437577e-07
3.1799999999999998e-09	8.0	1.7976278324112974e-07
3.19e-09	13.0	1.7644327862489963e-07
3.1999999999999997e-09	7.0	1.8042668416437577e-07
3.21e-09	3.0	1.8308228785735974e-07
3.2199999999999996e-09	4.0	1.8241838693411377e-07
3.23e-09	9.0	1.7909888231788369e-07
3.24e-09	7.0	1.8042668416437577e-07
3.2499999999999997e-09	10.0	1.7843498139463763e-07
3.26e-09	8.0	1.7976278324112974e-07
3.2699999999999997e-09	12.0	1.7710717954814574e-07
3.28e-09	7.0	1.8042668416437577e-07
3.2899999999999996e-09	6.0	1.810905850876218e-07
3.2999999999999998e-09	10.0	1.7843498139463763e-07
3.31e-09	3.0	1.8308228785735974e-07
3.3199999999999997e-09	11.0	1.7777108047139163e-07
3.33e-09	9.0	1.7909888231788369e-07
3.3399999999999996e-09	11.0	1.7777108047139163e-07
3.35e-09	8.0	1.7976278324112974e-07
3.36e-09	5.0	1.817544860108678e-07
3.3699999999999997e-09	6.0	1.810905850876218e-07
3.38e-09	10.0	1.7843498139463763e-07
3.3899999999999997e-09	11.0	1.7777108047139163e-07
3.4e-09	5.0	1.817544860108678e-07
3.4099999999999996e-09	12.0	1.7710717954814574e-07
3.4199999999999998e-09	4.0	1.8241838693411377e-07
3.43e-09	9.0	1.7909888231788369e-07
3.4399999999999997e-09	6.0	1.810905850876218e-07
3.45e-09	5.0	1.817544860108678e-07
3.4599999999999996e-09	4.0	1.8241838693411377e-07
3.47e-09	7.0	1.8042668416437577e-07
3.48e-09	7.0	1.8042668416437577e-07
3.4899999999999997e-09	8.0	1.7976278324112974e-07
3.5e-09	5.0	1.817544860108678e-07
3.5099999999999997e-09	10.0	1.7843498139463763e-07
3.52e-09	8.0	1.7976278324112974e-07
3.5299999999999996e-09	7.0	1.8042668416437577e-07
3.5399999999999998e-09	2.0	1.8374618878060593e-07
3.55e-09	9.0	1.7909888231788369e-07
3.5599999999999997e-09	10.0	1.7843498139463763e-07
3.57e-09	11.0	1.7777108047139163e-07
3.5799999999999996e-09	8.0	1.7976278324112974e-07
3.59e-09	7.0	1.8042668416437577e-07
3.6e-09	8.0	1.7976278324112974e-07
3.6099999999999997e-09	12.0	1.7710717954814574e-07
3.62e-09	5.0	1.817544860108678e-07
3.6299999999999997e-09	6.0	1.810905850876218e-07
3.64e-09	7.0	1.8042668416437577e-07
3.6499999999999996e-09	8.0	1.7976278324112974e-07
3.6599999999999998e-09	9.0	1.7909888231788369e-07
3.67e-09	8.0	1.7976278324112974e-07
3.6799999999999997e-09	8.0	1.7976278324112974e-07
3.69e-09	12.0	1.7710717954814574e-07
3.6999999999999996e-09	13.0	1.7644327862489963e-07
3.71e-09	8.0	1.7976278324112974e-07
3.72e-09	14.0	1.757793777016536e-07
3.73e-09	9.0	1.7909888231788369e-07
3.74e-09	11.0	1.7777108047139163e-07
3.75e-09	10.0	1.7843498139463763e-07
3.7599999999999994e-09	7.0	1.8042668416437577e-07
3.77e-09	9.0	1.7909888231788369e-07
3.78e-09	9.0	1.7909888231788369e-07
3.7899999999999995e-09	11.0	1.7777108047139163e-07
3.8e-09	7.0	1.8042668416437577e-07
3.81e-09	7.0	1.8042668416437577e-07
3.82e-09	10.0	1.7843498139463763e-07
3.829999999999999e-09	7.0	1.8042668416437577e-07
3.84e-09	6.0	1.810905850876218e-07
3.85e-09	5.0	1.817544860108678e-07
3.8599999999999995e-09	9.0	1.7909888231788369e-07
3.87e-09	5.0	1.817544860108678e-07
3.88e-09	6.0	1.810905850876218e-07
3.89e-09	12.0	1.7710717954814574e-07
3.899999999999999e-09	9.0	1.7909888231788369e-07
3.91e-09	5.0	1.817544860108678e-07
3.92e-09	8.0	1.7976278324112974e-07
3.9299999999999995e-09	7.0	1.8042668416437577e-07
3.94e-09	12.0	1.7710717954814574e-07
3.95e-09	11.0	1.7777108047139163e-07
3.9599999999999996e-09	7.0	1.8042668416437577e-07
3.97e-09	8.0	1.7976278324112974e-07
3.98e-09	6.0	1.810905850876218e-07
3.99e-09	13.0	1.7644327862489963e-07
3.9999999999999994e-09	11.0	1.7777108047139163e-07
4.01e-09	9.0	1.7909888231788369e-07
4.02e-09	10.0	1.7843498139463763e-07
4.0299999999999995e-09	9.0	1.7909888231788369e-07
4.04e-09	8.0	1.7976278324112974e-07
4.05e-09	9.0	1.7909888231788369e-07
4.06e-09	10.0	1.7843498139463763e-07
4.069999999999999e-09	12.0	1.7710717954814574e-07
4.08e-09	5.0	1.817544860108678e-07
4.09e-09	8.0	1.7976278324112974e-07
4.0999999999999995e-09	9.0	1.7909888231788369e-07
4.11e-09	14.0	1.757793777016536e-07
4.12e-09	7.0	1.8042668416437577e-07
4.13e-09	10.0	1.7843498139463763e-07
4.139999999999999e-09	7.0	1.8042668416437577e-07
4.15e-09	2.0	1.8374618878060593e-07
4.16e-09	7.0	1.8042668416437577e-07
4.1699999999999995e-09	5.0	1.817544860108678e-07
4.18e-09	7.0	1.8042668416437577e-07
4.19e-09	9.0	1.7909888231788369e-07
4.1999999999999996e-09	5.0	1.817544860108678e-07
4.21e-09	13.0	1.7644327862489963e-07
4.22e-09	6.0	1.810905850876218e-07
4.23e-09	11.0	1.7777108047139163e-07
4.2399999999999994e-09	8.0	1.7976278324112974e-07
4.25e-09	8.0	1.7976278324112974e-07
4.26e-09	8.0	1.7976278324112974e-07
4.2699999999999995e-09	4.0	1.8241838693411377e-07
4.28e-09	11.0	1.7777108047139163e-07
4.29e-09	6.0	1.810905850876218e-07
4.3e-09	5.0	1.817544860108678e-07
4.309999999999999e-09	8.0	1.7976278324112974e-07
4.32e-09	14.0	1.757793777016536e-07
4.33e-09	4.0	1.8241838693411377e-07
4.3399999999999995e-09	6.0	1.810905850876218e-07
4.35e-09	8.0	1.7976278324112974e-07
4.36e-09	7.0	1.8042668416437577e-07
4.37e-09	11.0	1.7777108047139163e-07
4.379999999999999e-09	6.0	1.810905850876218e-07
4.39e-09	5.0	1.817544860108678e-07
4.4e-09	9.0	1.7909888231788369e-07
4.4099999999999995e-09	4.0	1.8241838693411377e-07
4.42e-09	14.0	1.757793777016536e-07
4.43e-09	9.0	1.7909888231788369e-07
4.4399999999999996e-09	6.0	1.810905850876218e-07
4.45e-09	7.0	1.8042668416437577e-07
4.46e-09	9.0	1.7909888231788369e-07
4.47e-09	6.0	1.810905850876218e-07
4.4799999999999994e-09	9.0	1.7909888231788369e-07
4.49e-09	10.0	1.7843498139463763e-07
4.5e-09	11.0	1.7777108047139163e-07
4.5099999999999995e-09	9.0	1.7909888231788369e-07
4.52e-09	8.0	1.7976278324112974e-07
4.53e-09	6.0	1.810905850876218e-07
4.54e-09	7.0	1.8042668416437577e-07
4.549999999999999e-09	14.0	1.757793777016536e-07
4.56e-09	7.0	1.8042668416437577e-07
4.57e-09	3.0	1.8308228785735974e-07
4.5799999999999995e-09	11.0	1.7777108047139163e-07
4.59e-09	13.0	1.7644327862489963e-07
4.6e-09	9.0	1.7909888231788369e-07
4.61e-09	13.0	1.7644327862489963e-07
4.619999999999999e-09	11.0	1.7777108047139163e-07
4.63e-09	8.0	1.7976278324112974e-07
4.64e-09	5.0	1.817544860108678e-07
4.6499999999999995e-09	6.0	1.810905850876218e-07
4.66e-09	9.0	1.7909888231788369e-07
4.67e-09	8.0	1.7976278324112974e-07
4.6799999999999996e-09	8.0	1.7976278324112974e-07
4.689999999999999e-09	9.0	1.7909888231788369e-07
4.7e-09	10.0	1.7843498139463763e-07
4.71e-09	11.0	1.7777108047139163e-07
4.7199999999999994e-09	10.0	1.7843498139463763e-07
4.73e-09	7.0	1.8042668416437577e-07
4.74e-09	12.0	1.7710717954814574e-07
4.7499999999999995e-09	5.0	1.817544860108678e-07
4.76e-09	9.0	1.7909888231788369e-07
4.77e-09	9.0	1.7909888231788369e-07
4.78e-09	9.0	1.7909888231788369e-07
4.789999999999999e-09	8.0	1.7976278324112974e-07
4.8e-09	13.0	1.7644327862489963e-07
4.81e-09	8.0	1.7976278324112974e-07
4.8199999999999995e-09	5.0	1.817544860108678e-07
4.83e-09	12.0	1.7710717954814574e-07
4.84e-09	5.0	1.817544860108678e-07
4.85e-09	8.0	1.7976278324112974e-07
4.859999999999999e-09	14.0	1.757793777016536e-07
4.87e-09	14.0	1.757793777016536e-07
4.88e-09	11.0	1.7777108047139163e-07
4.8899999999999995e-09	9.0	1.7909888231788369e-07
4.9e-09	11.0	1.7777108047139163e-07
4.91e-09	9.0	1.7909888231788369e-07
4.9199999999999996e-09	10.0	1.7843498139463763e-07
4.929999999999999e-09	10.0	1.7843498139463763e-07
4.94e-09	9.0	1.7909888231788369e-07
4.95e-09	15.0	1.751154767784074e-07
4.9599999999999994e-09	9.0	1.7909888231788369e-07
4.97e-09	9.0	1.7909888231788369e-07
4.98e-09	9.0	1.7909888231788369e-07
4.9899999999999995e-09	7.0	1.8042668416437577e-07
5e-09	10.0	1.7843498139463763e-07
5.01e-09	11.0	1.7777108047139163e-07
5.02e-09	9.0	1.7909888231788369e-07
5.029999999999999e-09	9.0	1.7909888231788369e-07
5.04e-09	7.0	1.8042668416437577e-07
5.05e-09	8.0	1.7976278324112974e-07
5.0599999999999995e-09	5.0	1.817544860108678e-07
5.07e-09	10.0	1.7843498139463763e-07
5.08e-09	7.0	1.8042668416437577e-07
5.09e-09	6.0	1.810905850876218e-07
5.099999999999999e-09	9.0	1.7909888231788369e-07
5.11e-09	8.0	1.7976278324112974e-07
5.12e-09	17.0	1.737876749319155e-07
5.1299999999999994e-09	9.0	1.7909888231788369e-07
5.14e-09	7.0	1.8042668416437577e-07
5.15e-09	11.0	1.7777108047139163e-07
5.1599999999999996e-09	7.0	1.8042668416437577e-07
5.169999999999999e-09	7.0	1.8042668416437577e-07
5.18e-09	5.0	1.817544860108678e-07
5.19e-09	6.0	1.810905850876218e-07
5.1999999999999994e-09	9.0	1.7909888231788369e-07
5.21e-09	6.0	1.810905850876218e-07
5.22e-09	7.0	1.8042668416437577e-07
5.2299999999999995e-09	8.0	1.7976278324112974e-07
5.239999999999999e-09	12.0	1.7710717954814574e-07
5.25e-09	8.0	1.7976278324112974e-07
5.26e-09	9.0	1.7909888231788369e-07
5.269999999999999e-09	7.0	1.8042668416437577e-07
5.28e-09	9.0	1.7909888231788369e-07
5.29e-09	6.0	1.810905850876218e-07
5.2999999999999995e-09	10.0	1.7843498139463763e-07
5.31e-09	10.0	1.7843498139463763e-07
5.32e-09	4.0	1.8241838693411377e-07
5.3299999999999996e-09	8.0	1.7976278324112974e-07
5.339999999999999e-09	7.0	1.8042668416437577e-07
5.35e-09	13.0	1.7644327862489963e-07
5.36e-09	5.0	1.817544860108678e-07
5.3699999999999994e-09	2.0	1.8374618878060593e-07
5.38e-09	7.0	1.8042668416437577e-07
5.39e-09	8.0	1.7976278324112974e-07
5.3999999999999996e-09	11.0	1.7777108047139163e-07
5.409999999999999e-09	7.0	1.8042668416437577e-07
5.42e-09	13.0	1.7644327862489963e-07
5.43e-09	7.0	1.8042668416437577e-07
5.439999999999999e-09	10.0	1.7843498139463763e-07
5.45e-09	9.0	1.7909888231788369e-07
5.46e-09	7.0	1.8042668416437577e-07
5.4699999999999995e-09	11.0	1.7777108047139163e-07
5.479999999999999e-09	9.0	1.7909888231788369e-07
5.49e-09	7.0	1.8042668416437577e-07
5.5e-09	11.0	1.7777108047139163e-07
5.509999999999999e-09	10.0	1.7843498139463763e-07
5.52e-09	9.0	1.7909888231788369e-07
5.53e-09	8.0	1.7976278324112974e-07
5.5399999999999995e-09	9.0	1.7909888231788369e-07
5.55e-09	4.0	1.8241838693411377e-07
5.56e-09	9.0	1.7909888231788369e-07
5.5699999999999996e-09	5.0	1.817544860108678e-07
5.579999999999999e-09	7.0	1.8042668416437577e-07
5.59e-09	11.0	1.7777108047139163e-07
5.6e-09	10.0	1.7843498139463763e-07
5.6099999999999994e-09	11.0	1.7777108047139163e-07
5.62e-09	9.0	1.7909888231788369e-07
5.63e-09	6.0	1.810905850876218e-07
5.6399999999999995e-09	5.0	1.817544860108678e-07
5.649999999999999e-09	15.0	1.751154767784074e-07
5.66e-09	10.0	1.7843498139463763e-07
5.67e-09	7.0	1.8042668416437577e-07
5.679999999999999e-09	4.0	1.8241838693411377e-07
5.69e-09	1.0	1.8441008970385177e-07
5.7e-09	8.0	1.7976278324112974e-07
5.7099999999999995e-09	10.0	1.7843498139463763e-07
5.719999999999999e-09	8.0	1.7976278324112974e-07
5.73e-09	11.0	1.7777108047139163e-07
5.74e-09	9.0	1.7909888231788369e-07
5.749999999999999e-09	7.0	1.8042668416437577e-07
5.76e-09	5.0	1.817544860108678e-07
5.77e-09	10.0	1.7843498139463763e-07
5.7799999999999995e-09	5.0	1.817544860108678e-07
5.789999999999999e-09	6.0	1.810905850876218e-07
5.8e-09	8.0	1.7976278324112974e-07
5.8099999999999996e-09	5.0	1.817544860108678e-07
5.819999999999999e-09	7.0	1.8042668416437577e-07
5.83e-09	10.0	1.7843498139463763e-07
5.84e-09	8.0	1.7976278324112974e-07
5.8499999999999994e-09	8.0	1.7976278324112974e-07
5.86e-09	10.0	1.7843498139463763e-07
5.87e-09	9.0	1.7909888231788369e-07
5.8799999999999995e-09	10.0	1.7843498139463763e-07
5.889999999999999e-09	7.0	1.8042668416437577e-07
5.9e-09	11.0	1.7777108047139163e-07
5.91e-09	10.0	1.7843498139463763e-07
5.919999999999999e-09	5.0	1.817544860108678e-07
5.93e-09	9.0	1.7909888231788369e-07
5.94e-09	10.0	1.7843498139463763e-07
5.9499999999999995e-09	11.0	1.7777108047139163e-07
5.959999999999999e-09	14.0	1.757793777016536e-07
5.97e-09	8.0	1.7976278324112974e-07
5.98e-09	4.0	1.8241838693411377e-07
5.989999999999999e-09	7.0	1.8042668416437577e-07
6e-09	6.0	1.810905850876218e-07
6.01e-09	9.0	1.7909888231788369e-07
6.0199999999999995e-09	7.0	1.8042668416437577e-07
6.029999999999999e-09	8.0	1.7976278324112974e-07
6.04e-09	11.0	1.7777108047139163e-07
6.0499999999999996e-09	14.0	1.757793777016536e-07
6.059999999999999e-09	10.0	1.7843498139463763e-07
6.07e-09	3.0	1.8308228785735974e-07
6.08e-09	5.0	1.817544860108678e-07
6.0899999999999994e-09	6.0	1.810905850876218e-07
6.1e-09	10.0	1.7843498139463763e-07
6.11e-09	8.0	1.7976278324112974e-07
6.1199999999999995e-09	11.0	1.7777108047139163e-07
6.129999999999999e-09	5.0	1.817544860108678e-07
6.14e-09	6.0	1.810905850876218e-07
6.15e-09	6.0	1.810905850876218e-07
6.159999999999999e-09	10.0	1.7843498139463763e-07
6.17e-09	7.0	1.8042668416437577e-07
6.18e-09	12.0	1.7710717954814574e-07
6.1899999999999995e-09	11.0	1.7777108047139163e-07
6.199999999999999e-09	8.0	1.7976278324112974e-07
6.21e-09	11.0	1.7777108047139163e-07
6.22e-09	7.0	1.8042668416437577e-07
6.229999999999999e-09	10.0	1.7843498139463763e-07
6.24e-09	10.0	1.7843498139463763e-07
6.25e-09	14.0	1.757793777016536e-07
6.2599999999999995e-09	9.0	1.7909888231788369e-07
6.269999999999999e-09	11.0	1.7777108047139163e-07
6.28e-09	10.0	1.7843498139463763e-07
6.2899999999999996e-09	9.0	1.7909888231788369e-07
6.299999999999999e-09	10.0	1.7843498139463763e-07
6.31e-09	10.0	1.7843498139463763e-07
6.32e-09	13.0	1.7644327862489963e-07
6.3299999999999994e-09	6.0	1.810905850876218e-07
6.34e-09	8.0	1.7976278324112974e-07
6.35e-09	7.0	1.8042668416437577e-07
6.3599999999999995e-09	11.0	1.7777108047139163e-07
6.369999999999999e-09	3.0	1.8308228785735974e-07
6.38e-09	5.0	1.817544860108678e-07
6.39e-09	14.0	1.757793777016536e-07
6.399999999999999e-09	14.0	1.757793777016536e-07
6.41e-09	6.0	1.810905850876218e-07
6.42e-09	12.0	1.7710717954814574e-07
6.4299999999999995e-09	5.0	1.817544860108678e-07
6.439999999999999e-09	11.0	1.7777108047139163e-07
6.45e-09	8.0	1.7976278324112974e-07
6.46e-09	9.0	1.7909888231788369e-07
6.469999999999999e-09	12.0	1.7710717954814574e-07
6.48e-09	6.0	1.810905850876218e-07
6.49e-09	6.0	1.810905850876218e-07
6.4999999999999995e-09	4.0	1.8241838693411377e-07
6.509999999999999e-09	6.0	1.810905850876218e-07
6.52e-09	7.0	1.8042668416437577e-07
6.5299999999999996e-09	3.0	1.8308228785735974e-07
6.539999999999999e-09	8.0	1.7976278324112974e-07
6.55e-09	6.0	1.810905850876218e-07
6.56e-09	10.0	1.7843498139463763e-07
6.5699999999999994e-09	11.0	1.7777108047139163e-07
6.579999999999999e-09	8.0	1.7976278324112974e-07
6.59e-09	10.0	1.7843498139463763e-07
6.5999999999999995e-09	8.0	1.7976278324112974e-07
6.609999999999999e-09	9.0	1.7909888231788369e-07
6.62e-09	11.0	1.7777108047139163e-07
6.63e-09	10.0	1.7843498139463763e-07
6.639999999999999e-09	6.0	1.810905850876218e-07
6.65e-09	8.0	1.7976278324112974e-07
6.66e-09	10.0	1.7843498139463763e-07
6.6699999999999995e-09	5.0	1.817544860108678e-07
6.679999999999999e-09	9.0	1.7909888231788369e-07
6.69e-09	7.0	1.8042668416437577e-07
6.7e-09	13.0	1.7644327862489963e-07
6.709999999999999e-09	6.0	1.810905850876218e-07
6.72e-09	11.0	1.7777108047139163e-07
6.73e-09	15.0	1.751154767784074e-07
6.7399999999999995e-09	5.0	1.817544860108678e-07
6.749999999999999e-09	6.0	1.810905850876218e-07
6.76e-09	8.0	1.7976278324112974e-07
6.7699999999999996e-09	11.0	1.7777108047139163e-07
6.779999999999999e-09	9.0	1.7909888231788369e-07
6.79e-09	6.0	1.810905850876218e-07
6.8e-09	10.0	1.7843498139463763e-07
6.8099999999999994e-09	7.0	1.8042668416437577e-07
6.819999999999999e-09	13.0	1.7644327862489963e-07
6.83e-09	7.0	1.8042668416437577e-07
6.8399999999999995e-09	7.0	1.8042668416437577e-07
6.849999999999999e-09	9.0	1.7909888231788369e-07
6.86e-09	14.0	1.757793777016536e-07
6.87e-09	11.0	1.7777108047139163e-07
6.879999999999999e-09	11.0	1.7777108047139163e-07
6.89e-09	12.0	1.7710717954814574e-07
6.9e-09	7.0	1.8042668416437577e-07
6.9099999999999995e-09	6.0	1.810905850876218e-07
6.919999999999999e-09	11.0	1.7777108047139163e-07
6.93e-09	6.0	1.810905850876218e-07
6.94e-09	9.0	1.7909888231788369e-07
6.949999999999999e-09	4.0	1.8241838693411377e-07
6.96e-09	4.0	1.8241838693411377e-07
6.97e-09	7.0	1.8042668416437577e-07
6.9799999999999995e-09	7.0	1.8042668416437577e-07
6.989999999999999e-09	7.0	1.8042668416437577e-07
7e-09	8.0	1.7976278324112974e-07
7.0099999999999996e-09	4.0	1.8241838693411377e-07
7.019999999999999e-09	12.0	1.7710717954814574e-07
7.03e-09	7.0	1.8042668416437577e-07
7.04e-09	5.0	1.817544860108678e-07
7.0499999999999994e-09	12.0	1.7710717954814574e-07
7.059999999999999e-09	9.0	1.7909888231788369e-07
7.07e-09	2.0	1.8374618878060593e-07
7.0799999999999995e-09	12.0	1.7710717954814574e-07
7.089999999999999e-09	8.0	1.7976278324112974e-07
7.1e-09	9.0	1.7909888231788369e-07
7.11e-09	6.0	1.810905850876218e-07
7.119999999999999e-09	2.0	1.8374618878060593e-07
7.129999999999999e-09	9.0	1.7909888231788369e-07
7.14e-09	8.0	1.7976278324112974e-07
7.1499999999999995e-09	5.0	1.817544860108678e-07
7.159999999999999e-09	15.0	1.751154767784074e-07
7.17e-09	6.0	1.810905850876218e-07
7.18e-09	4.0	1.8241838693411377e-07
7.189999999999999e-09	10.0	1.7843498139463763e-07
7.2e-09	7.0	1.8042668416437577e-07
7.21e-09	7.0	1.8042668416437577e-07
7.2199999999999995e-09	11.0	1.7777108047139163e-07
7.229999999999999e-09	11.0	1.7777108047139163e-07
7.24e-09	7.0	1.8042668416437577e-07
7.2499999999999996e-09	6.0	1.810905850876218e-07
7.259999999999999e-09	7.0	1.8042668416437577e-07
7.27e-09	13.0	1.7644327862489963e-07
7.28e-09	8.0	1.7976278324112974e-07
7.2899999999999994e-09	4.0	1.8241838693411377e-07
7.299999999999999e-09	7.0	1.8042668416437577e-07
7.31e-09	13.0	1.7644327862489963e-07
7.3199999999999995e-09	11.0	1.7777108047139163e-07
7.329999999999999e-09	11.0	1.7777108047139163e-07
7.34e-09	9.0	1.7909888231788369e-07
7.35e-09	14.0	1.757793777016536e-07
7.359999999999999e-09	7.0	1.8042668416437577e-07
7.369999999999999e-09	13.0	1.7644327862489963e-07
7.38e-09	6.0	1.810905850876218e-07
7.3899999999999995e-09	3.0	1.8308228785735974e-07
7.399999999999999e-09	8.0	1.7976278324112974e-07
7.41e-09	9.0	1.7909888231788369e-07
7.42e-09	8.0	1.7976278324112974e-07
7.429999999999999e-09	8.0	1.7976278324112974e-07
7.44e-09	8.0	1.7976278324112974e-07
7.45e-09	13.0	1.7644327862489963e-07
7.46e-09	7.0	1.8042668416437577e-07
7.47e-09	7.0	1.8042668416437577e-07
7.48e-09	8.0	1.7976278324112974e-07
7.49e-09	6.0	1.810905850876218e-07
7.5e-09	7.0	1.8042668416437577e-07
7.509999999999999e-09	10.0	1.7843498139463763e-07
7.519999999999999e-09	11.0	1.7777108047139163e-07
7.53e-09	9.0	1.7909888231788369e-07
7.54e-09	10.0	1.7843498139463763e-07
7.55e-09	6.0	1.810905850876218e-07
7.56e-09	8.0	1.7976278324112974e-07
7.57e-09	6.0	1.810905850876218e-07
7.579999999999999e-09	7.0	1.8042668416437577e-07
7.589999999999999e-09	12.0	1.7710717954814574e-07
7.6e-09	11.0	1.7777108047139163e-07
7.61e-09	6.0	1.810905850876218e-07
7.62e-09	13.0	1.7644327862489963e-07
7.63e-09	9.0	1.7909888231788369e-07
7.64e-09	11.0	1.7777108047139163e-07
7.649999999999999e-09	6.0	1.810905850876218e-07
7.659999999999999e-09	10.0	1.7843498139463763e-07
7.67e-09	10.0	1.7843498139463763e-07
7.68e-09	11.0	1.7777108047139163e-07
7.69e-09	4.0	1.8241838693411377e-07
7.7e-09	5.0	1.817544860108678e-07
7.71e-09	6.0	1.810905850876218e-07
7.719999999999999e-09	11.0	1.7777108047139163e-07
7.729999999999999e-09	10.0	1.7843498139463763e-07
7.74e-09	11.0	1.7777108047139163e-07
7.75e-09	8.0	1.7976278324112974e-07
7.76e-09	7.0	1.8042668416437577e-07
7.77e-09	7.0	1.8042668416437577e-07
7.78e-09	7.0	1.8042668416437577e-07
7.789999999999999e-09	6.0	1.810905850876218e-07
7.799999999999999e-09	7.0	1.8042668416437577e-07
7.81e-09	7.0	1.8042668416437577e-07
7.82e-09	8.0	1.7976278324112974e-07
7.83e-09	8.0	1.7976278324112974e-07
7.84e-09	9.0	1.7909888231788369e-07
7.849999999999999e-09	10.0	1.7843498139463763e-07
7.859999999999999e-09	15.0	1.751154767784074e-07
7.87e-09	9.0	1.7909888231788369e-07
7.88e-09	11.0	1.7777108047139163e-07
7.89e-09	5.0	1.817544860108678e-07
7.9e-09	8.0	1.7976278324112974e-07
7.91e-09	9.0	1.7909888231788369e-07
7.919999999999999e-09	13.0	1.7644327862489963e-07
7.929999999999999e-09	12.0	1.7710717954814574e-07
7.94e-09	5.0	1.817544860108678e-07
7.95e-09	11.0	1.7777108047139163e-07
7.96e-09	10.0	1.7843498139463763e-07
7.97e-09	8.0	1.7976278324112974e-07
7.98e-09	5.0	1.817544860108678e-07
7.989999999999999e-09	8.0	1.7976278324112974e-07
7.999999999999999e-09	10.0	1.7843498139463763e-07
8.01e-09	3.0	1.8308228785735974e-07
8.02e-09	6.0	1.810905850876218e-07
8.03e-09	14.0	1.757793777016536e-07
8.04e-09	8.0	1.7976278324112974e-07
8.05e-09	13.0	1.7644327862489963e-07
8.059999999999999e-09	10.0	1.7843498139463763e-07
8.069999999999999e-09	4.0	1.8241838693411377e-07
8.08e-09	7.0	1.8042668416437577e-07
8.09e-09	7.0	1.8042668416437577e-07
8.1e-09	9.0	1.7909888231788369e-07
8.11e-09	11.0	1.7777108047139163e-07
8.12e-09	10.0	1.7843498139463763e-07
8.129999999999999e-09	8.0	1.7976278324112974e-07
8.139999999999999e-09	10.0	1.7843498139463763e-07
8.15e-09	12.0	1.7710717954814574e-07
8.16e-09	5.0	1.817544860108678e-07
8.17e-09	13.0	1.7644327862489963e-07
8.18e-09	7.0	1.8042668416437577e-07
8.19e-09	10.0	1.7843498139463763e-07
8.199999999999999e-09	10.0	1.7843498139463763e-07
8.209999999999999e-09	9.0	1.7909888231788369e-07
8.22e-09	14.0	1.757793777016536e-07
8.23e-09	13.0	1.7644327862489963e-07
8.24e-09	15.0	1.751154767784074e-07
8.25e-09	8.0	1.7976278324112974e-07
8.26e-09	6.0	1.810905850876218e-07
8.269999999999999e-09	8.0	1.7976278324112974e-07
8.279999999999999e-09	5.0	1.817544860108678e-07
8.29e-09	6.0	1.810905850876218e-07
8.3e-09	14.0	1.757793777016536e-07
8.31e-09	9.0	1.7909888231788369e-07
8.32e-09	6.0	1.810905850876218e-07
8.329999999999999e-09	5.0	1.817544860108678e-07
8.339999999999999e-09	8.0	1.7976278324112974e-07
8.349999999999999e-09	12.0	1.7710717954814574e-07
8.36e-09	11.0	1.7777108047139163e-07
8.37e-09	10.0	1.7843498139463763e-07
8.38e-09	10.0	1.7843498139463763e-07
8.39e-09	8.0	1.7976278324112974e-07
8.399999999999999e-09	7.0	1.8042668416437577e-07
8.409999999999999e-09	10.0	1.7843498139463763e-07
8.42e-09	9.0	1.7909888231788369e-07
8.43e-09	8.0	1.7976278324112974e-07
8.44e-09	13.0	1.7644327862489963e-07
8.45e-09	9.0	1.7909888231788369e-07
8.46e-09	12.0	1.7710717954814574e-07
8.469999999999999e-09	7.0	1.8042668416437577e-07
8.479999999999999e-09	7.0	1.8042668416437577e-07
8.49e-09	7.0	1.8042668416437577e-07
8.5e-09	9.0	1.7909888231788369e-07
8.51e-09	11.0	1.7777108047139163e-07
8.52e-09	10.0	1.7843498139463763e-07
8.53e-09	9.0	1.7909888231788369e-07
8.539999999999999e-09	7.0	1.8042668416437577e-07
8.549999999999999e-09	7.0	1.8042668416437577e-07
8.56e-09	6.0	1.810905850876218e-07
8.57e-09	7.0	1.8042668416437577e-07
8.58e-09	9.0	1.7909888231788369e-07
8.59e-09	9.0	1.7909888231788369e-07
8.6e-09	5.0	1.817544860108678e-07
8.609999999999999e-09	4.0	1.8241838693411377e-07
8.619999999999999e-09	11.0	1.7777108047139163e-07
8.63e-09	13.0	1.7644327862489963e-07
8.64e-09	12.0	1.7710717954814574e-07
8.65e-09	4.0	1.8241838693411377e-07
8.66e-09	12.0	1.7710717954814574e-07
8.67e-09	6.0	1.810905850876218e-07
8.679999999999999e-09	9.0	1.7909888231788369e-07
8.689999999999999e-09	6.0	1.810905850876218e-07
8.7e-09	10.0	1.7843498139463763e-07
8.71e-09	13.0	1.7644327862489963e-07
8.72e-09	8.0	1.7976278324112974e-07
8.73e-09	8.0	1.7976278324112974e-07
8.74e-09	7.0	1.8042668416437577e-07
8.749999999999999e-09	7.0	1.8042668416437577e-07
8.759999999999999e-09	10.0	1.7843498139463763e-07
8.77e-09	5.0	1.817544860108678e-07
8.78e-09	9.0	1.7909888231788369e-07
8.79e-09	10.0	1.7843498139463763e-07
8.8e-09	8.0	1.7976278324112974e-07
8.809999999999999e-09	7.0	1.8042668416437577e-07
8.819999999999999e-09	10.0	1.7843498139463763e-07
8.829999999999999e-09	9.0	1.7909888231788369e-07
8.84e-09	9.0	1.7909888231788369e-07
8.85e-09	8.0	1.7976278324112974e-07
8.86e-09	9.0	1.7909888231788369e-07
8.87e-09	6.0	1.810905850876218e-07
8.879999999999999e-09	7.0	1.8042668416437577e-07
8.889999999999999e-09	13.0	1.7644327862489963e-07
8.9e-09	7.0	1.8042668416437577e-07
8.91e-09	8.0	1.7976278324112974e-07
8.92e-09	7.0	1.8042668416437577e-07
8.93e-09	7.0	1.8042668416437577e-07
8.94e-09	10.0	1.7843498139463763e-07
8.949999999999999e-09	4.0	1.8241838693411377e-07
8.959999999999999e-09	8.0	1.7976278324112974e-07
8.97e-09	4.0	1.8241838693411377e-07
8.98e-09	5.0	1.817544860108678e-07
8.99e-09	13.0	1.7644327862489963e-07
9e-09	12.0	1.7710717954814574e-07
9.01e-09	10.0	1.7843498139463763e-07
9.019999999999999e-09	11.0	1.7777108047139163e-07
9.029999999999999e-09	14.0	1.757793777016536e-07
9.04e-09	8.0	1.7976278324112974e-07
9.05e-09	8.0	1.7976278324112974e-07
9.06e-09	6.0	1.810905850876218e-07
9.07e-09	5.0	1.817544860108678e-07
9.08e-09	9.0	1.7909888231788369e-07
9.089999999999999e-09	9.0	1.7909888231788369e-07
9.099999999999999e-09	7.0	1.8042668416437577e-07
9.11e-09	4.0	1.8241838693411377e-07
9.12e-09	8.0	1.7976278324112974e-07
9.13e-09	11.0	1.7777108047139163e-07
9.14e-09	7.0	1.8042668416437577e-07
9.15e-09	9.0	1.7909888231788369e-07
9.159999999999999e-09	7.0	1.8042668416437577e-07
9.169999999999999e-09	11.0	1.7777108047139163e-07
9.18e-09	8.0	1.7976278324112974e-07
9.19e-09	10.0	1.7843498139463763e-07
9.2e-09	6.0	1.810905850876218e-07
9.21e-09	8.0	1.7976278324112974e-07
9.22e-09	8.0	1.7976278324112974e-07
9.229999999999999e-09	6.0	1.810905850876218e-07
9.239999999999999e-09	8.0	1.7976278324112974e-07
9.25e-09	11.0	1.7777108047139163e-07
9.26e-09	8.0	1.7976278324112974e-07
9.27e-09	10.0	1.7843498139463763e-07
9.28e-09	10.0	1.7843498139463763e-07
9.289999999999999e-09	8.0	1.7976278324112974e-07
9.299999999999999e-09	12.0	1.7710717954814574e-07
9.309999999999999e-09	4.0	1.8241838693411377e-07
9.32e-09	7.0	1.8042668416437577e-07
9.33e-09	12.0	1.7710717954814574e-07
9.34e-09	5.0	1.817544860108678e-07
9.35e-09	9.0	1.7909888231788369e-07
9.359999999999999e-09	10.0	1.7843498139463763e-07
9.369999999999999e-09	10.0	1.7843498139463763e-07
9.379999999999999e-09	7.0	1.8042668416437577e-07
9.39e-09	5.0	1.817544860108678e-07
9.4e-09	4.0	1.8241838693411377e-07
9.41e-09	9.0	1.7909888231788369e-07
9.42e-09	9.0	1.7909888231788369e-07
9.429999999999999e-09	9.0	1.7909888231788369e-07
9.439999999999999e-09	6.0	1.810905850876218e-07
9.45e-09	8.0	1.7976278324112974e-07
9.46e-09	7.0	1.8042668416437577e-07
9.47e-09	8.0	1.7976278324112974e-07
9.48e-09	6.0	1.810905850876218e-07
9.49e-09	4.0	1.8241838693411377e-07
9.499999999999999e-09	13.0	1.7644327862489963e-07
9.509999999999999e-09	10.0	1.7843498139463763e-07
9.52e-09	8.0	1.7976278324112974e-07
9.53e-09	5.0	1.817544860108678e-07
9.54e-09	9.0	1.7909888231788369e-07
9.55e-09	6.0	1.810905850876218e-07
9.56e-09	12.0	1.7710717954814574e-07
9.569999999999999e-09	6.0	1.810905850876218e-07
9.579999999999999e-09	8.0	1.7976278324112974e-07
9.59e-09	8.0	1.7976278324112974e-07
9.6e-09	6.0	1.810905850876218e-07
9.61e-09	14.0	1.757793777016536e-07
9.62e-09	13.0	1.7644327862489963e-07
9.63e-09	14.0	1.757793777016536e-07
9.639999999999999e-09	7.0	1.8042668416437577e-07
9.649999999999999e-09	9.0	1.7909888231788369e-07
9.66e-09	10.0	1.7843498139463763e-07
9.67e-09	11.0	1.7777108047139163e-07
9.68e-09	11.0	1.7777108047139163e-07
9.69e-09	12.0	1.7710717954814574e-07
9.7e-09	5.0	1.817544860108678e-07
9.709999999999999e-09	7.0	1.8042668416437577e-07
9.719999999999999e-09	7.0	1.8042668416437577e-07
9.73e-09	4.0	1.8241838693411377e-07
9.74e-09	8.0	1.7976278324112974e-07
9.75e-09	9.0	1.7909888231788369e-07
9.76e-09	7.0	1.8042668416437577e-07
9.769999999999999e-09	6.0	1.810905850876218e-07
9.779999999999999e-09	7.0	1.8042668416437577e-07
9.789999999999999e-09	10.0	1.7843498139463763e-07
9.8e-09	8.0	1.7976278324112974e-07
9.81e-09	10.0	1.7843498139463763e-07
9.82e-09	5.0	1.817544860108678e-07
9.83e-09	12.0	1.7710717954814574e-07
9.839999999999999e-09	13.0	1.7644327862489963e-07
9.849999999999999e-09	6.0	1.810905850876218e-07
9.859999999999999e-09	7.0	1.8042668416437577e-07
9.87e-09	11.0	1.7777108047139163e-07
9.88e-09	9.0	1.7909888231788369e-07
9.89e-09	12.0	1.7710717954814574e-07
9.9e-09	12.0	1.7710717954814574e-07
9.909999999999999e-09	8.0	1.7976278324112974e-07
9.919999999999999e-09	9.0	1.7909888231788369e-07
9.929999999999999e-09	9.0	1.7909888231788369e-07
9.94e-09	4.0	1.8241838693411377e-07
9.95e-09	9.0	1.7909888231788369e-07
9.96e-09	12.0	1.7710717954814574e-07
9.97e-09	4.0	1.8241838693411377e-07
9.979999999999999e-09	11.0	1.7777108047139163e-07
9.989999999999999e-09	8.0	1.7976278324112974e-07
1e-08	9.0	1.7909888231788369e-07
1.001e-08	14.0	1.757793777016536e-07
1.002e-08	12.0	1.7710717954814574e-07
1.003e-08	3.0	1.8308228785735974e-07
1.004e-08	9.0	1.7909888231788369e-07
1.0049999999999999e-08	15.0	1.751154767784074e-07
1.0059999999999999e-08	8.0	1.7976278324112974e-07
1.007e-08	14.0	1.757793777016536e-07
1.008e-08	7.0	1.8042668416437577e-07
1.009e-08	9.0	1.7909888231788369e-07
1.01e-08	7.0	1.8042668416437577e-07
1.011e-08	6.0	1.810905850876218e-07
1.0119999999999999e-08	12.0	1.7710717954814574e-07
1.0129999999999999e-08	11.0	1.7777108047139163e-07
1.014e-08	14.0	1.757793777016536e-07
1.015e-08	13.0	1.7644327862489963e-07
1.016e-08	14.0	1.757793777016536e-07
1.017e-08	8.0	1.7976278324112974e-07
1.018e-08	8.0	1.7976278324112974e-07
1.0189999999999999e-08	4.0	1.8241838693411377e-07
1.0199999999999999e-08	12.0	1.7710717954814574e-07
1.021e-08	13.0	1.7644327862489963e-07
1.022e-08	8.0	1.7976278324112974e-07
1.023e-08	13.0	1.7644327862489963e-07
1.024e-08	10.0	1.7843498139463763e-07
1.0249999999999999e-08	10.0	1.7843498139463763e-07
1.0259999999999999e-08	5.0	1.817544860108678e-07
1.0269999999999999e-08	10.0	1.7843498139463763e-07
1.028e-08	13.0	1.7644327862489963e-07
1.029e-08	11.0	1.7777108047139163e-07
1.03e-08	11.0	1.7777108047139163e-07
1.031e-08	8.0	1.7976278324112974e-07
1.0319999999999999e-08	16.0	1.7445157585516142e-07
1.0329999999999999e-08	9.0	1.7909888231788369e-07
1.0339999999999999e-08	5.0	1.817544860108678e-07
1.035e-08	8.0	1.7976278324112974e-07
1.036e-08	8.0	1.7976278324112974e-07
1.037e-08	9.0	1.7909888231788369e-07
1.038e-08	8.0	1.7976278324112974e-07
1.0389999999999999e-08	8.0	1.7976278324112974e-07
1.0399999999999999e-08	5.0	1.817544860108678e-07
1.0409999999999999e-08	9.0	1.7909888231788369e-07
1.042e-08	6.0	1.810905850876218e-07
1.043e-08	11.0	1.7777108047139163e-07
1.044e-08	10.0	1.7843498139463763e-07
1.045e-08	9.0	1.7909888231788369e-07
1.0459999999999999e-08	7.0	1.8042668416437577e-07
1.0469999999999999e-08	11.0	1.7777108047139163e-07
1.0479999999999999e-08	9.0	1.7909888231788369e-07
1.049e-08	5.0	1.817544860108678e-07
1.05e-08	10.0	1.7843498139463763e-07
1.051e-08	6.0	1.810905850876218e-07
1.052e-08	12.0	1.7710717954814574e-07
1.0529999999999999e-08	12.0	1.7710717954814574e-07
1.0539999999999999e-08	6.0	1.810905850876218e-07
1.055e-08	11.0	1.7777108047139163e-07
1.056e-08	5.0	1.817544860108678e-07
1.057e-08	7.0	1.8042668416437577e-07
1.058e-08	10.0	1.7843498139463763e-07
1.059e-08	10.0	1.7843498139463763e-07
1.0599999999999999e-08	7.0	1.8042668416437577e-07
1.0609999999999999e-08	8.0	1.7976278324112974e-07
1.062e-08	9.0	1.7909888231788369e-07
1.063e-08	12.0	1.7710717954814574e-07
1.064e-08	10.0	1.7843498139463763e-07
1.065e-08	8.0	1.7976278324112974e-07
1.0659999999999999e-08	8.0	1.7976278324112974e-07
1.0669999999999999e-08	6.0	1.810905850876218e-07
1.0679999999999999e-08	10.0	1.7843498139463763e-07
1.069e-08	6.0	1.810905850876218e-07
1.07e-08	9.0	1.7909888231788369e-07
1.071e-08	10.0	1.7843498139463763e-07
1.072e-08	6.0	1.810905850876218e-07
1.0729999999999999e-08	10.0	1.7843498139463763e-07
1.0739999999999999e-08	9.0	1.7909888231788369e-07
1.0749999999999999e-08	9.0	1.7909888231788369e-07
1.076e-08	13.0	1.7644327862489963e-07
1.077e-08	5.0	1.817544860108678e-07
1.078e-08	10.0	1.7843498139463763e-07
